Time step, X values, Set 1 Solution, Set 1 Analytical, Set 1 Error, Set 2 Solution, Set 2 Analytical, Set 2 Error
5, -50,0,0,0,0,0,0
5, -49.7494,0,0,0,0,0,0
5, -49.4987,0,0,0,0,0,0
5, -49.2481,0,0,0,0,0,0
5, -48.9975,0,0,0,0,0,0
5, -48.7469,0,0,0,0,0,0
5, -48.4962,0,0,0,0,0,0
5, -48.2456,0,0,0,0,0,0
5, -47.995,0,0,0,0,0,0
5, -47.7444,0,0,0,0,0,0
5, -47.4937,0,0,0,0,0,0
5, -47.2431,0,0,0,0,0,0
5, -46.9925,0,0,0,0,0,0
5, -46.7419,0,0,0,0,0,0
5, -46.4912,0,0,0,0,0,0
5, -46.2406,0,0,0,0,0,0
5, -45.99,0,0,0,0,0,0
5, -45.7393,0,0,0,0,0,0
5, -45.4887,0,0,0,0,0,0
5, -45.2381,0,0,0,0,0,0
5, -44.9875,0,0,0,0,0,0
5, -44.7368,0,0,0,0,0,0
5, -44.4862,0,0,0,0,0,0
5, -44.2356,0,0,0,0,0,0
5, -43.985,0,0,0,0,0,0
5, -43.7343,0,0,0,0,0,0
5, -43.4837,0,0,0,0,0,0
5, -43.2331,0,0,0,0,0,0
5, -42.9825,0,0,0,0,0,0
5, -42.7318,0,0,0,0,0,0
5, -42.4812,0,0,0,0,0,0
5, -42.2306,0,0,0,0,0,0
5, -41.9799,0,0,0,0,0,0
5, -41.7293,0,0,0,0,0,0
5, -41.4787,0,0,0,0,0,0
5, -41.2281,0,0,0,0,0,0
5, -40.9774,0,0,0,0,0,0
5, -40.7268,0,0,0,0,0,0
5, -40.4762,0,0,0,0,0,0
5, -40.2256,0,0,0,0,0,0
5, -39.9749,0,0,0,0,0,0
5, -39.7243,0,0,0,0,0,0
5, -39.4737,0,0,0,0,0,0
5, -39.2231,0,0,0,0,0,0
5, -38.9724,0,0,0,0,0,0
5, -38.7218,0,0,0,0,0,0
5, -38.4712,0,0,0,0,0,0
5, -38.2206,0,0,0,0,0,0
5, -37.9699,0,0,0,0,0,0
5, -37.7193,0,0,0,0,0,0
5, -37.4687,0,0,0,0,0,0
5, -37.218,0,0,0,0,0,0
5, -36.9674,0,0,0,0,0,0
5, -36.7168,0,0,0,0,0,0
5, -36.4662,0,0,0,0,0,0
5, -36.2155,0,0,0,0,0,0
5, -35.9649,0,0,0,0,0,0
5, -35.7143,0,0,0,0,0,0
5, -35.4637,0,0,0,0,0,0
5, -35.213,0,0,0,0,0,0
5, -34.9624,0,0,0,0,0,0
5, -34.7118,0,0,0,0,0,0
5, -34.4612,0,0,0,0,0,0
5, -34.2105,0,0,0,0,0,0
5, -33.9599,0,0,0,0,0,0
5, -33.7093,0,0,0,0,0,0
5, -33.4586,0,0,0,0,0,0
5, -33.208,0,0,0,0,0,0
5, -32.9574,0,0,0,0,0,0
5, -32.7068,0,0,0,0,0,0
5, -32.4561,0,0,0,0,0,0
5, -32.2055,0,0,0,0,0,0
5, -31.9549,0,0,0,0,0,0
5, -31.7043,0,0,0,0,0,0
5, -31.4536,0,0,0,0,0,0
5, -31.203,0,0,0,0,0,0
5, -30.9524,0,0,0,0,0,0
5, -30.7018,0,0,0,0,0,0
5, -30.4511,0,0,0,0,0,0
5, -30.2005,0,0,0,0,0,0
5, -29.9499,0,0,0,0,0,0
5, -29.6992,0,0,0,0,0,0
5, -29.4486,0,0,0,0,0,0
5, -29.198,0,0,0,0,0,0
5, -28.9474,0,0,0,0,0,0
5, -28.6967,0,0,0,0,0,0
5, -28.4461,0,0,0,0,0,0
5, -28.1955,0,0,0,0,0,0
5, -27.9449,0,0,0,0,0,0
5, -27.6942,0,0,0,0,0,0
5, -27.4436,0,0,0,0,0,0
5, -27.193,0,0,0,0,0,0
5, -26.9424,0,0,0,0,0,0
5, -26.6917,0,0,0,0,0,0
5, -26.4411,0,0,0,0,0,0
5, -26.1905,0,0,0,0,0,0
5, -25.9398,0,0,0,0,0,0
5, -25.6892,0,0,0,0,0,0
5, -25.4386,0,0,0,0,0,0
5, -25.188,0,0,0,0,0,0
5, -24.9373,0,0,0,0,0,0
5, -24.6867,0,0,0,0,0,0
5, -24.4361,0,0,0,0,0,0
5, -24.1855,0,0,0,0,0,0
5, -23.9348,0,0,0,-2.11954e-321,2.56914e-322,-2.37646e-321
5, -23.6842,0,0,0,-1.73581e-316,2.10409e-317,-1.94622e-316
5, -23.4336,0,0,0,-1.30216e-311,1.57843e-312,-1.46e-311
5, -23.183,0,0,0,-8.95377e-307,1.08535e-307,-1.00391e-306
5, -22.9323,0,0,0,-5.64328e-302,6.84062e-303,-6.32734e-302
5, -22.6817,0,0,0,-3.26016e-297,3.95188e-298,-3.65535e-297
5, -22.4311,0,0,0,-1.72635e-292,2.09264e-293,-1.93562e-292
5, -22.1805,0,0,0,-8.37918e-288,1.01571e-288,-9.39489e-288
5, -21.9298,0,0,0,-3.72783e-283,4.51881e-284,-4.17971e-283
5, -21.6792,0,0,0,-1.52017e-278,1.84273e-279,-1.70445e-278
5, -21.4286,0,0,0,-5.68215e-274,6.88784e-275,-6.37094e-274
5, -21.1779,0,0,0,-1.94677e-269,2.35986e-270,-2.18276e-269
5, -20.9273,0,0,0,-6.11363e-265,7.41092e-266,-6.85472e-265
5, -20.6767,0,0,0,-1.75981e-260,2.13324e-261,-1.97313e-260
5, -20.4261,0,0,0,-4.64317e-256,5.62847e-257,-5.20602e-256
5, -20.1754,0,0,0,-1.12291e-251,1.3612e-252,-1.25903e-251
5, -19.9248,0,0,0,-2.4892e-247,3.01743e-248,-2.79094e-247
5, -19.6742,0,0,0,-5.05773e-243,6.13106e-244,-5.67083e-243
5, -19.4236,0,0,0,-9.41962e-239,1.14187e-239,-1.05615e-238
5, -19.1729,0,0,0,-1.60803e-234,1.94929e-235,-1.80296e-234
5, -18.9223,0,0,0,-2.51615e-230,3.05016e-231,-2.82117e-230
5, -18.6717,0,0,0,-3.6088e-226,4.37471e-227,-4.04627e-226
5, -18.4211,0,0,0,-4.74428e-222,5.7512e-223,-5.3194e-222
5, -18.1704,0,0,0,-5.71689e-218,6.93028e-219,-6.40992e-218
5, -17.9198,0,0,0,-6.3144e-214,7.65464e-215,-7.07987e-214
5, -17.6692,0,0,0,-6.39274e-210,7.74964e-211,-7.1677e-210
5, -17.4185,0,0,0,-5.93231e-206,7.19152e-207,-6.65147e-206
5, -17.1679,0,0,0,-5.04596e-202,6.11705e-203,-5.65766e-202
5, -16.9173,0,0,0,-3.9341e-198,4.76921e-199,-4.41102e-198
5, -16.6667,0,0,0,-2.81144e-194,3.40826e-195,-3.15227e-194
5, -16.416,0,0,0,-1.8416e-190,2.23255e-191,-2.06486e-190
5, -16.1654,0,0,0,-1.10572e-186,1.34045e-187,-1.23977e-186
5, -15.9148,0,0,0,-6.08522e-183,7.3771e-184,-6.82293e-183
5, -15.6642,0,0,0,-3.06966e-179,3.72136e-180,-3.4418e-179
5, -15.4135,0,0,0,-1.41934e-175,1.72068e-176,-1.59141e-175
5, -15.1629,0,0,0,-6.01541e-172,7.29257e-173,-6.74467e-172
5, -14.9123,0,0,0,-2.33683e-168,2.83298e-169,-2.62012e-168
5, -14.6617,0,0,0,-8.3209e-165,1.00876e-165,-9.32966e-165
5, -14.411,0,0,0,-2.71579e-161,3.29243e-162,-3.04503e-161
5, -14.1604,0,0,0,-8.12466e-158,9.84979e-159,-9.10964e-158
5, -13.9098,0,0,0,-2.2279e-154,2.70097e-155,-2.498e-154
5, -13.6591,0,0,0,-5.59977e-151,6.78883e-152,-6.27866e-151
5, -13.4085,0,0,0,-1.29011e-147,1.56406e-148,-1.44652e-147
5, -13.1579,0,0,0,-2.72437e-144,3.30287e-145,-3.05466e-144
5, -12.9073,0,0,0,-5.27338e-141,6.39314e-142,-5.91269e-141
5, -12.6566,0,0,0,-9.35608e-138,1.13428e-138,-1.04904e-137
5, -12.406,0,0,0,-1.52153e-134,1.84462e-135,-1.706e-134
5, -12.1554,0,0,0,-2.26805e-131,2.74964e-132,-2.54301e-131
5, -11.9048,0,0,0,-3.09889e-128,3.75688e-129,-3.47458e-128
5, -11.6541,0,0,0,-3.881e-125,4.70502e-126,-4.3515e-125
5, -11.4035,0,0,0,-4.45517e-122,5.40105e-123,-4.99528e-122
5, -11.1529,0,0,0,-4.68779e-119,5.68299e-120,-5.25609e-119
5, -10.9023,0,0,0,-4.52122e-116,5.48099e-117,-5.06932e-116
5, -10.6516,0,0,0,-3.99693e-113,4.84532e-114,-4.48146e-113
5, -10.401,0,0,0,-3.23878e-110,3.92617e-111,-3.6314e-110
5, -10.1504,0,0,0,-2.40558e-107,2.91607e-108,-2.69719e-107
5, -9.89975,0,0,0,-1.63774e-104,1.98522e-105,-1.83626e-104
5, -9.64912,0,0,0,-1.022e-101,1.2388e-102,-1.14588e-101
5, -9.3985,0,0,0,-5.84579e-99,7.08562e-100,-6.55435e-99
5, -9.14787,0,0,0,-3.06493e-96,3.7148e-97,-3.43641e-96
5, -8.89724,0,0,0,-1.47293e-93,1.78516e-94,-1.65145e-93
5, -8.64662,0,0,0,-6.4883e-91,7.86321e-92,-7.27462e-91
5, -8.39599,0,0,0,-2.61978e-88,3.17472e-89,-2.93725e-88
5, -8.14536,0,0,0,-9.69583e-86,1.17488e-86,-1.08707e-85
5, -7.89474,0,0,0,-3.28921e-83,3.98532e-84,-3.68774e-83
5, -7.64411,0,0,0,-1.02279e-80,1.23913e-81,-1.1467e-80
5, -7.39348,0,0,0,-2.9152e-78,3.53143e-79,-3.26834e-78
5, -7.14286,0,0,0,-7.61621e-76,9.22504e-77,-8.53871e-76
5, -6.89223,0,0,0,-1.82389e-73,2.20886e-74,-2.04477e-73
5, -6.6416,0,0,0,-4.00357e-71,4.84786e-72,-4.48835e-71
5, -6.39098,0,0,0,-8.0554e-69,9.75248e-70,-9.03065e-69
5, -6.14035,0,0,0,-1.48566e-66,1.7983e-67,-1.66549e-66
5, -5.88972,0,0,0,-2.51155e-64,3.03942e-65,-2.81549e-64
5, -5.6391,0,0,0,-3.89187e-62,4.70872e-63,-4.36274e-62
5, -5.38847,0,0,0,-5.52802e-60,6.68648e-61,-6.19667e-60
5, -5.13784,0,0,0,-7.19742e-58,8.7031e-59,-8.06773e-58
5, -4.88722,0,0,0,-8.58977e-56,1.03832e-56,-9.62809e-56
5, -4.63659,0,0,0,-9.3969e-54,1.13547e-54,-1.05324e-53
5, -4.38596,0,0,0,-9.42297e-52,1.13815e-52,-1.05611e-51
5, -4.13534,0,0,0,-8.66151e-50,1.04569e-50,-9.7072e-50
5, -3.88471,0,0,0,-7.29799e-48,8.80629e-49,-8.17862e-48
5, -3.63409,0,0,0,-5.63663e-46,6.79773e-47,-6.31641e-46
5, -3.38346,0,0,0,-3.99066e-44,4.8097e-45,-4.47163e-44
5, -3.13283,0,0,0,-2.58989e-42,3.11927e-43,-2.90182e-42
5, -2.88221,0,0,0,-1.54075e-40,1.85426e-41,-1.72618e-40
5, -2.63158,0,0,0,-8.40234e-39,1.01035e-39,-9.41269e-39
5, -2.38095,0,0,0,-4.20039e-37,5.04609e-38,-4.705e-37
5, -2.13033,0,0,0,-1.92488e-35,2.31005e-36,-2.15588e-35
5, -1.8797,0,0,0,-8.08622e-34,9.69323e-35,-9.05554e-34
5, -1.62907,0,0,0,-3.11402e-32,3.7282e-33,-3.48684e-32
5, -1.37845,0,0,0,-1.09935e-30,1.31435e-31,-1.23078e-30
5, -1.12782,0,0,0,-3.55789e-29,4.24723e-30,-3.98261e-29
5, -0.877193,0,0,0,-1.0556e-27,1.25801e-28,-1.1814e-27
5, -0.626566,0,0,0,-2.87118e-26,3.41541e-27,-3.21272e-26
5, -0.37594,0,0,0,-7.15953e-25,8.49935e-26,-8.00946e-25
5, -0.125313,0,0,0,-1.63673e-23,1.9387e-24,-1.8306e-23
5, 0.125313,0,0,0,-3.43044e-22,4.05338e-23,-3.83578e-22
5, 0.37594,0,0,0,-6.59187e-21,7.76795e-22,-7.36866e-21
5, 0.626566,0,0,0,-1.16135e-19,1.36452e-20,-1.2978e-19
5, 0.877193,0,0,0,-1.87596e-18,2.19701e-19,-2.09566e-18
5, 1.12782,0,0,0,-2.77845e-17,3.24242e-18,-3.10269e-17
5, 1.37845,0,0,0,-3.7732e-16,4.3862e-17,-4.21182e-16
5, 1.62907,0,0,0,-4.69851e-15,5.43863e-16,-5.24238e-15
5, 1.8797,0,0,0,-5.36496e-14,6.18121e-15,-5.98308e-14
5, 2.13033,0,0,0,-5.61751e-13,6.43931e-14,-6.26145e-13
5, 2.38095,0,0,0,-5.39397e-12,6.14877e-13,-6.00885e-12
5, 2.63158,0,0,0,-4.74982e-11,5.3817e-12,-5.28799e-11
5, 2.88221,0,0,0,-3.83591e-10,4.3175e-11,-4.26766e-10
5, 3.13283,0,0,0,-2.84119e-09,3.17489e-10,-3.15868e-09
5, 3.38346,0,0,0,-1.93017e-08,2.13996e-09,-2.14417e-08
5, 3.63409,0,0,0,-1.20275e-07,1.32211e-08,-1.33496e-07
5, 3.88471,0,0,0,-6.87481e-07,7.48704e-08,-7.62352e-07
5, 4.13534,0,0,0,-3.60478e-06,3.88629e-07,-3.99341e-06
5, 4.38596,0,0,0,-1.73401e-05,1.84903e-06,-1.91892e-05
5, 4.63659,0,0,0,-7.6526e-05,8.06368e-06,-8.45897e-05
5, 4.88722,0,0,0,-0.000309868,3.22334e-05,-0.000342101
5, 5.13784,0,0,0,-0.00115128,0.000118103,-0.00126939
5, 5.38847,0,0,0,-0.00392515,0.000396642,-0.0043218
5, 5.6391,0,0,0,-0.0122809,0.00122101,-0.0135019
5, 5.88972,0,0,0,-0.0352638,0.00344525,-0.0387091
5, 6.14035,0,0,0,-0.0929369,0.00891056,-0.101847
5, 6.39098,0,0,0,-0.224821,0.0211238,-0.245945
5, 6.6416,0,0,0,-0.499235,0.0459009,-0.545136
5, 6.89223,0,0,0,-1.01771,0.0914225,-1.10913
5, 7.14286,0,0,0,-1.90468,0.166904,-2.07158
5, 7.39348,0,0,0,-3.27284,0.279295,-3.55214
5, 7.64411,0,0,0,-5.16372,0.428393,-5.59211
5, 7.89474,0,0,0,-7.48098,0.602288,-8.08327
5, 8.14536,0,0,0,-9.95256,0.776154,-10.7287
5, 8.39599,0,0,0,-12.1594,0.916799,-13.0762
5, 8.64662,0,0,0,-13.643,0.992619,-14.6356
5, 8.89724,-8.25,1,-9.25,-14.0584,0.985085,-15.0435
5, 9.14787,-5.2325,1,-6.2325,-13.3049,0.89608,-14.2009
5, 9.3985,-5.2325,1,-6.2325,-11.5647,0.747141,-12.3119
5, 9.64912,-5.2325,1,-6.2325,-9.23244,0.571006,-9.80345
5, 9.89975,-5.2325,1,-6.2325,-6.76948,0.400001,-7.16948
5, 10.1504,-5.2325,1,-6.2325,-4.55877,0.256841,-4.81561
5, 10.401,-5.2325,1,-6.2325,-2.81961,0.151164,-2.97077
5, 10.6516,-5.2325,1,-6.2325,-1.60165,0.0815488,-1.6832
5, 10.9023,-5.2325,1,-6.2325,-0.835546,0.0403244,-0.87587
5, 11.1529,-5.2325,1,-6.2325,-0.400297,0.0182768,-0.418574
5, 11.4035,-5.2325,1,-6.2325,-0.17611,0.00759303,-0.183703
5, 11.6541,-5.2325,1,-6.2325,-0.0711463,0.00289143,-0.0740377
5, 11.9048,-5.2325,1,-6.2325,-0.0263916,0.00100923,-0.0274008
5, 12.1554,-5.2325,1,-6.2325,-0.00898867,0.00032289,-0.00931156
5, 12.406,-5.2325,1,-6.2325,-0.00281071,9.46888e-05,-0.0029054
5, 12.6566,-5.2325,1,-6.2325,-0.00080686,2.54522e-05,-0.000832313
5, 12.9073,-5.2325,1,-6.2325,-0.000212624,6.27098e-06,-0.000218895
5, 13.1579,-5.2325,1,-6.2325,-5.14313e-05,1.41621e-06,-5.28475e-05
5, 13.4085,-5.2325,1,-6.2325,-1.14186e-05,2.93157e-07,-1.17118e-05
5, 13.6591,-5.2325,1,-6.2325,-2.32669e-06,5.56234e-08,-2.38232e-06
5, 13.9098,-5.2325,1,-6.2325,-4.35085e-07,9.67379e-09,-4.44759e-07
5, 14.1604,-5.2325,1,-6.2325,-7.466e-08,1.54212e-09,-7.62021e-08
5, 14.411,-5.2325,1,-6.2325,-1.17558e-08,2.25331e-10,-1.19811e-08
5, 14.6617,-5.2325,1,-6.2325,-1.69838e-09,3.01792e-11,-1.72856e-09
5, 14.9123,-5.2325,1,-6.2325,-2.25118e-10,3.7049e-12,-2.28823e-10
5, 15.1629,-5.2325,1,-6.2325,-2.73748e-11,4.16895e-13,-2.77916e-11
5, 15.4135,-5.2325,1,-6.2325,-3.05373e-12,4.29992e-14,-3.09673e-12
5, 15.6642,-5.2325,1,-6.2325,-3.12482e-13,4.06515e-15,-3.16547e-13
5, 15.9148,-5.2325,1,-6.2325,-2.93298e-14,3.52269e-16,-2.96821e-14
5, 16.1654,-5.2325,1,-6.2325,-2.52501e-15,2.79805e-17,-2.55299e-15
5, 16.416,-5.2325,1,-6.2325,-1.99371e-16,2.03713e-18,-2.01409e-16
5, 16.6667,-5.2325,1,-6.2325,-1.44374e-17,1.35945e-19,-1.45734e-17
5, 16.9173,-5.2325,1,-6.2325,-9.58794e-19,8.31555e-21,-9.6711e-19
5, 17.1679,-5.2325,1,-6.2325,-5.83917e-20,4.66231e-22,-5.88579e-20
5, 17.4185,-5.2325,1,-6.2325,-3.261e-21,2.39604e-23,-3.28496e-21
5, 17.6692,-5.2325,1,-6.2325,-1.66997e-22,1.12867e-24,-1.68126e-22
5, 17.9198,-5.2325,1,-6.2325,-7.84171e-24,4.87333e-26,-7.89044e-24
5, 18.1704,-5.2325,1,-6.2325,-3.37632e-25,1.9287e-27,-3.3956e-25
5, 18.4211,-5.2325,1,-6.2325,-1.33289e-26,6.99661e-29,-1.33988e-26
5, 18.6717,-5.2325,1,-6.2325,-4.82448e-28,2.32644e-30,-4.84775e-28
5, 18.9223,-5.2325,1,-6.2325,-1.60105e-29,7.09053e-32,-1.60814e-29
5, 19.1729,-5.2325,1,-6.2325,-4.87128e-31,1.98084e-33,-4.89109e-31
5, 19.4236,-5.2325,1,-6.2325,-1.35881e-32,5.07224e-35,-1.36388e-32
5, 19.6742,-5.2325,1,-6.2325,-3.47491e-34,1.19051e-36,-3.48681e-34
5, 19.9248,-5.2325,1,-6.2325,-8.14682e-36,2.56124e-38,-8.17243e-36
5, 20.1754,-5.2325,1,-6.2325,-1.751e-37,5.05068e-40,-1.75605e-37
5, 20.4261,-5.2325,1,-6.2325,-3.4501e-39,9.12916e-42,-3.45923e-39
5, 20.6767,-5.2325,1,-6.2325,-6.23187e-41,1.5125e-43,-6.24699e-41
5, 20.9273,-5.2325,1,-6.2325,-1.03191e-42,2.29689e-45,-1.0342e-42
5, 21.1779,-5.2325,1,-6.2325,-1.56636e-44,3.1972e-47,-1.56956e-44
5, 21.4286,-5.2325,1,-6.2325,-2.17956e-46,4.07925e-49,-2.18364e-46
5, 21.6792,-5.2325,1,-6.2325,-2.78015e-48,4.7706e-51,-2.78492e-48
5, 21.9298,-5.2325,1,-6.2325,-3.25076e-50,5.11386e-53,-3.25587e-50
5, 22.1805,-5.2325,1,-6.2325,-3.48429e-52,5.02467e-55,-3.48932e-52
5, 22.4311,-5.2325,1,-6.2325,-3.42338e-54,4.5253e-57,-3.42791e-54
5, 22.6817,-5.2325,1,-6.2325,-3.08321e-56,3.73569e-59,-3.08695e-56
5, 22.9323,-5.2325,1,-6.2325,-2.5454e-58,2.82668e-61,-2.54823e-58
5, 23.183,-5.2325,1,-6.2325,-1.92625e-60,1.96049e-63,-1.92821e-60
5, 23.4336,-5.2325,1,-6.2325,-1.33619e-62,1.24633e-65,-1.33744e-62
5, 23.6842,-5.2325,1,-6.2325,-8.49615e-65,7.2625e-68,-8.50341e-65
5, 23.9348,-5.2325,1,-6.2325,-4.9519e-67,3.87901e-70,-4.95578e-67
5, 24.1855,-5.2325,1,-6.2325,-2.64555e-69,1.89906e-72,-2.64745e-69
5, 24.4361,-5.2325,1,-6.2325,-1.29555e-71,8.52193e-75,-1.2964e-71
5, 24.6867,-5.2325,1,-6.2325,-5.81545e-74,3.50526e-77,-5.81895e-74
5, 24.9373,-5.2325,1,-6.2325,-2.39278e-76,1.32155e-79,-2.3941e-76
5, 25.188,-5.2325,1,-6.2325,-9.02425e-79,4.56701e-82,-9.02882e-79
5, 25.4386,-5.2325,1,-6.2325,-3.11966e-81,1.44664e-84,-3.12111e-81
5, 25.6892,-5.2325,1,-6.2325,-9.88534e-84,4.20022e-87,-9.88954e-84
5, 25.9398,-5.2325,1,-6.2325,-2.87119e-86,1.11781e-89,-2.87231e-86
5, 26.1905,-5.2325,1,-6.2325,-7.64394e-89,2.72674e-92,-7.64667e-89
5, 26.4411,-5.2325,1,-6.2325,-1.86534e-91,6.0968e-95,-1.86595e-91
5, 26.6917,-5.2325,1,-6.2325,-4.17237e-94,1.24952e-97,-4.17362e-94
5, 26.9424,-5.2325,1,-6.2325,-8.55442e-97,2.34729e-100,-8.55677e-97
5, 27.193,-5.2325,1,-6.2325,-1.60762e-99,4.04178e-103,-1.60802e-99
5, 27.4436,-5.2325,1,-6.2325,-2.76921e-102,6.37913e-106,-2.76985e-102
5, 27.6942,-5.2325,1,-6.2325,-4.37233e-105,9.22853e-109,-4.37325e-105
5, 27.9449,-5.2325,1,-6.2325,-6.32778e-108,1.22373e-111,-6.329e-108
5, 28.1955,-5.2325,1,-6.2325,-8.39404e-111,1.48738e-114,-8.39553e-111
5, 28.4461,-5.2325,1,-6.2325,-1.02064e-113,1.65706e-117,-1.02081e-113
5, 28.6967,-5.2325,1,-6.2325,-1.13751e-116,1.69215e-120,-1.13768e-116
5, 28.9474,-5.2325,1,-6.2325,-1.16203e-119,1.58388e-123,-1.16219e-119
5, 29.198,-5.2325,1,-6.2325,-1.08808e-122,1.3589e-126,-1.08822e-122
5, 29.4486,-5.2325,1,-6.2325,-9.3387e-126,1.06865e-129,-9.33977e-126
5, 29.6992,-5.2325,1,-6.2325,-7.34668e-129,7.7031e-133,-7.34745e-129
5, 29.9499,-5.2325,1,-6.2325,-5.29756e-132,5.08954e-136,-5.29807e-132
5, 30.2005,-5.2325,1,-6.2325,-3.5014e-135,3.08229e-139,-3.5017e-135
5, 30.4511,-5.2325,1,-6.2325,-2.12122e-138,1.711e-142,-2.12139e-138
5, 30.7018,-5.2325,1,-6.2325,-1.17791e-141,8.70583e-146,-1.178e-141
5, 30.9524,-5.2325,1,-6.2325,-5.99538e-145,4.06024e-149,-5.99579e-145
5, 31.203,-5.2325,1,-6.2325,-2.79706e-148,1.73571e-152,-2.79723e-148
5, 31.4536,-5.2325,1,-6.2325,-1.1961e-151,6.80117e-156,-1.19616e-151
5, 31.7043,-5.2325,1,-6.2325,-4.68825e-155,2.44271e-159,-4.68849e-155
5, 31.9549,-5.2325,1,-6.2325,-1.68436e-158,8.04163e-163,-1.68444e-158
5, 32.2055,-5.2325,1,-6.2325,-5.54676e-162,2.4266e-166,-5.547e-162
5, 32.4561,-5.2325,1,-6.2325,-1.67426e-165,6.71174e-170,-1.67433e-165
5, 32.7068,-5.2325,1,-6.2325,-4.63219e-169,1.70159e-173,-4.63236e-169
5, 32.9574,-5.2325,1,-6.2325,-1.17471e-172,3.95417e-177,-1.17475e-172
5, 33.208,-5.2325,1,-6.2325,-2.73057e-176,8.42245e-181,-2.73065e-176
5, 33.4586,-5.2325,1,-6.2325,-5.81775e-180,1.64439e-184,-5.81792e-180
5, 33.7093,-5.2325,1,-6.2325,-1.13616e-183,2.94275e-188,-1.13619e-183
5, 33.9599,-5.2325,1,-6.2325,-2.03376e-187,4.82707e-192,-2.03381e-187
5, 34.2105,-5.2325,1,-6.2325,-3.3369e-191,7.25767e-196,-3.33697e-191
5, 34.4612,-5.2325,1,-6.2325,-5.0184e-195,1.00021e-199,-5.0185e-195
5, 34.7118,-5.2325,1,-6.2325,-6.91778e-199,1.26349e-203,-6.91791e-199
5, 34.9624,-5.2325,1,-6.2325,-8.74076e-203,1.46296e-207,-8.7409e-203
5, 35.213,-5.2325,1,-6.2325,-1.0123e-206,1.55265e-211,-1.01232e-206
5, 35.4637,-5.2325,1,-6.2325,-1.07462e-210,1.51043e-215,-1.07463e-210
5, 35.7143,-5.2325,1,-6.2325,-1.04562e-214,1.34681e-219,-1.04564e-214
5, 35.9649,-5.2325,1,-6.2325,-9.32562e-219,1.10077e-223,-9.32573e-219
5, 36.2155,-5.2325,1,-6.2325,-7.6236e-223,8.2465e-228,-7.62368e-223
5, 36.4662,-5.2325,1,-6.2325,-5.71245e-227,5.66271e-232,-5.71251e-227
5, 36.7168,-5.2325,1,-6.2325,-3.92343e-231,3.5642e-236,-3.92346e-231
5, 36.9674,-5.2325,1,-6.2325,-2.46995e-235,2.05628e-240,-2.46997e-235
5, 37.218,-5.2325,1,-6.2325,-1.42525e-239,1.08738e-244,-1.42526e-239
5, 37.4687,-5.2325,1,-6.2325,-7.53834e-244,5.27069e-249,-7.53839e-244
5, 37.7193,-5.2325,1,-6.2325,-3.6546e-248,2.34172e-253,-3.65462e-248
5, 37.9699,-5.2325,1,-6.2325,-1.62399e-252,9.53638e-258,-1.624e-252
5, 38.2206,-5.2325,1,-6.2325,-6.61469e-257,3.55972e-262,-6.61473e-257
5, 38.4712,-5.2325,1,-6.2325,-2.46953e-261,1.21795e-266,-2.46955e-261
5, 38.7218,-5.2325,1,-6.2325,-8.45087e-266,3.81967e-271,-8.4509e-266
5, 38.9724,-5.2325,1,-6.2325,-2.65075e-270,1.09801e-275,-2.65076e-270
5, 39.2231,-5.2325,1,-6.2325,-7.62106e-275,2.89312e-280,-7.62109e-275
5, 39.4737,-5.2325,1,-6.2325,-2.00837e-279,6.9873e-285,-2.00838e-279
5, 39.7243,-5.2325,1,-6.2325,-4.85123e-284,1.5468e-289,-4.85125e-284
5, 39.9749,-5.2325,1,-6.2325,-1.07409e-288,3.13866e-294,-1.0741e-288
5, 40.2256,-5.2325,1,-6.2325,-2.17978e-293,5.83761e-299,-2.17978e-293
5, 40.4762,-5.2325,1,-6.2325,-4.05474e-298,9.95195e-304,-4.05475e-298
5, 40.7268,-5.2325,1,-6.2325,-6.91346e-303,1.55512e-308,-6.91348e-303
5, 40.9774,-5.2325,1,-6.2325,-1.08046e-307,2.22742e-313,-1.08046e-307
5, 41.2281,-5.2325,1,-6.2325,-1.54776e-312,2.9243e-318,-1.54776e-312
5, 41.4787,-5.2325,1,-6.2325,-2.03225e-317,3.45846e-323,-2.03225e-317
5, 41.7293,-5.2325,1,-6.2325,-2.42092e-322,0,-2.42092e-322
5, 41.9799,-5.2325,1,-6.2325,0,0,0
5, 42.2306,-5.2325,1,-6.2325,0,0,0
5, 42.4812,-5.2325,1,-6.2325,0,0,0
5, 42.7318,-5.2325,1,-6.2325,0,0,0
5, 42.9825,-5.2325,1,-6.2325,0,0,0
5, 43.2331,-5.2325,1,-6.2325,0,0,0
5, 43.4837,-5.2325,1,-6.2325,0,0,0
5, 43.7343,-5.2325,1,-6.2325,0,0,0
5, 43.985,-5.2325,1,-6.2325,0,0,0
5, 44.2356,-5.2325,1,-6.2325,0,0,0
5, 44.4862,-5.2325,1,-6.2325,0,0,0
5, 44.7368,-5.2325,1,-6.2325,0,0,0
5, 44.9875,-5.2325,1,-6.2325,0,0,0
5, 45.2381,-5.2325,1,-6.2325,0,0,0
5, 45.4887,-5.2325,1,-6.2325,0,0,0
5, 45.7393,-5.2325,1,-6.2325,0,0,0
5, 45.99,-5.2325,1,-6.2325,0,0,0
5, 46.2406,-5.2325,1,-6.2325,0,0,0
5, 46.4912,-5.2325,1,-6.2325,0,0,0
5, 46.7419,-5.2325,1,-6.2325,0,0,0
5, 46.9925,-5.2325,1,-6.2325,0,0,0
5, 47.2431,-5.2325,1,-6.2325,0,0,0
5, 47.4937,-5.2325,1,-6.2325,0,0,0
5, 47.7444,-5.2325,1,-6.2325,0,0,0
5, 47.995,-5.2325,1,-6.2325,0,0,0
5, 48.2456,-5.2325,1,-6.2325,0,0,0
5, 48.4962,-5.2325,1,-6.2325,0,0,0
5, 48.7469,-5.2325,1,-6.2325,0,0,0
5, 48.9975,-5.2325,1,-6.2325,0,0,0
5, 49.2481,-5.2325,1,-6.2325,0,0,0
5, 49.4987,-5.2325,1,-6.2325,0,0,0
5, 49.7494,-5.2325,1,-6.2325,0,0,0
5, 50,-5.2325,1,-6.2325,0,0,0
10, -50,0,0,0,0,0,0
10, -49.7494,0,0,0,0,0,0
10, -49.4987,0,0,0,0,0,0
10, -49.2481,0,0,0,0,0,0
10, -48.9975,0,0,0,0,0,0
10, -48.7469,0,0,0,0,0,0
10, -48.4962,0,0,0,0,0,0
10, -48.2456,0,0,0,0,0,0
10, -47.995,0,0,0,0,0,0
10, -47.7444,0,0,0,0,0,0
10, -47.4937,0,0,0,0,0,0
10, -47.2431,0,0,0,0,0,0
10, -46.9925,0,0,0,0,0,0
10, -46.7419,0,0,0,0,0,0
10, -46.4912,0,0,0,0,0,0
10, -46.2406,0,0,0,0,0,0
10, -45.99,0,0,0,0,0,0
10, -45.7393,0,0,0,0,0,0
10, -45.4887,0,0,0,0,0,0
10, -45.2381,0,0,0,0,0,0
10, -44.9875,0,0,0,0,0,0
10, -44.7368,0,0,0,0,0,0
10, -44.4862,0,0,0,0,0,0
10, -44.2356,0,0,0,0,0,0
10, -43.985,0,0,0,0,0,0
10, -43.7343,0,0,0,0,0,0
10, -43.4837,0,0,0,0,0,0
10, -43.2331,0,0,0,0,0,0
10, -42.9825,0,0,0,0,0,0
10, -42.7318,0,0,0,0,0,0
10, -42.4812,0,0,0,0,0,0
10, -42.2306,0,0,0,0,0,0
10, -41.9799,0,0,0,0,0,0
10, -41.7293,0,0,0,0,0,0
10, -41.4787,0,0,0,0,0,0
10, -41.2281,0,0,0,0,0,0
10, -40.9774,0,0,0,0,0,0
10, -40.7268,0,0,0,0,0,0
10, -40.4762,0,0,0,0,0,0
10, -40.2256,0,0,0,0,0,0
10, -39.9749,0,0,0,0,0,0
10, -39.7243,0,0,0,0,0,0
10, -39.4737,0,0,0,0,0,0
10, -39.2231,0,0,0,0,0,0
10, -38.9724,0,0,0,0,0,0
10, -38.7218,0,0,0,0,0,0
10, -38.4712,0,0,0,0,0,0
10, -38.2206,0,0,0,0,0,0
10, -37.9699,0,0,0,0,0,0
10, -37.7193,0,0,0,0,0,0
10, -37.4687,0,0,0,0,0,0
10, -37.218,0,0,0,0,0,0
10, -36.9674,0,0,0,0,0,0
10, -36.7168,0,0,0,0,0,0
10, -36.4662,0,0,0,0,0,0
10, -36.2155,0,0,0,0,0,0
10, -35.9649,0,0,0,0,0,0
10, -35.7143,0,0,0,0,0,0
10, -35.4637,0,0,0,0,0,0
10, -35.213,0,0,0,0,0,0
10, -34.9624,0,0,0,0,0,0
10, -34.7118,0,0,0,0,0,0
10, -34.4612,0,0,0,0,0,0
10, -34.2105,0,0,0,0,0,0
10, -33.9599,0,0,0,0,0,0
10, -33.7093,0,0,0,0,0,0
10, -33.4586,0,0,0,0,0,0
10, -33.208,0,0,0,0,0,0
10, -32.9574,0,0,0,0,0,0
10, -32.7068,0,0,0,0,0,0
10, -32.4561,0,0,0,0,0,0
10, -32.2055,0,0,0,0,0,0
10, -31.9549,0,0,0,0,0,0
10, -31.7043,0,0,0,0,0,0
10, -31.4536,0,0,0,0,0,0
10, -31.203,0,0,0,0,0,0
10, -30.9524,0,0,0,0,0,0
10, -30.7018,0,0,0,0,0,0
10, -30.4511,0,0,0,0,0,0
10, -30.2005,0,0,0,0,0,0
10, -29.9499,0,0,0,0,0,0
10, -29.6992,0,0,0,0,0,0
10, -29.4486,0,0,0,0,0,0
10, -29.198,0,0,0,0,0,0
10, -28.9474,0,0,0,0,0,0
10, -28.6967,0,0,0,0,0,0
10, -28.4461,0,0,0,0,0,0
10, -28.1955,0,0,0,0,0,0
10, -27.9449,0,0,0,0,0,0
10, -27.6942,0,0,0,0,0,0
10, -27.4436,0,0,0,0,0,0
10, -27.193,0,0,0,0,0,0
10, -26.9424,0,0,0,0,0,0
10, -26.6917,0,0,0,0,0,0
10, -26.4411,0,0,0,0,0,0
10, -26.1905,0,0,0,0,0,0
10, -25.9398,0,0,0,0,0,0
10, -25.6892,0,0,0,0,0,0
10, -25.4386,0,0,0,0,0,0
10, -25.188,0,0,0,0,0,0
10, -24.9373,0,0,0,0,0,0
10, -24.6867,0,0,0,0,0,0
10, -24.4361,0,0,0,0,0,0
10, -24.1855,0,0,0,0,0,0
10, -23.9348,0,0,0,0,0,0
10, -23.6842,0,0,0,0,0,0
10, -23.4336,0,0,0,0,0,0
10, -23.183,0,0,0,0,0,0
10, -22.9323,0,0,0,0,0,0
10, -22.6817,0,0,0,0,0,0
10, -22.4311,0,0,0,0,0,0
10, -22.1805,0,0,0,0,0,0
10, -21.9298,0,0,0,0,0,0
10, -21.6792,0,0,0,0,0,0
10, -21.4286,0,0,0,0,0,0
10, -21.1779,0,0,0,0,0,0
10, -20.9273,0,0,0,0,0,0
10, -20.6767,0,0,0,0,0,0
10, -20.4261,0,0,0,0,0,0
10, -20.1754,0,0,0,0,0,0
10, -19.9248,0,0,0,0,0,0
10, -19.6742,0,0,0,0,0,0
10, -19.4236,0,0,0,0,0,0
10, -19.1729,0,0,0,0,0,0
10, -18.9223,0,0,0,0,0,0
10, -18.6717,0,0,0,0,0,0
10, -18.4211,0,0,0,0,0,0
10, -18.1704,0,0,0,0,0,0
10, -17.9198,0,0,0,0,0,0
10, -17.6692,0,0,0,0,0,0
10, -17.4185,0,0,0,0,0,0
10, -17.1679,0,0,0,0,0,0
10, -16.9173,0,0,0,0,0,0
10, -16.6667,0,0,0,0,0,0
10, -16.416,0,0,0,0,0,0
10, -16.1654,0,0,0,0,0,0
10, -15.9148,0,0,0,0,0,0
10, -15.6642,0,0,0,0,0,0
10, -15.4135,0,0,0,0,0,0
10, -15.1629,0,0,0,-5.74598e-321,6.96633e-322,-6.44262e-321
10, -14.9123,0,0,0,-4.65145e-316,5.63832e-317,-5.21528e-316
10, -14.6617,0,0,0,-3.4629e-311,4.19761e-312,-3.88266e-311
10, -14.411,0,0,0,-2.36306e-306,2.86442e-307,-2.6495e-306
10, -14.1604,0,0,0,-1.47805e-301,1.79166e-302,-1.65722e-301
10, -13.9098,0,0,0,-8.47401e-297,1.0272e-297,-9.50121e-297
10, -13.6591,0,0,0,-4.45318e-292,5.39804e-293,-4.99298e-292
10, -13.4085,0,0,0,-2.14503e-287,2.60016e-288,-2.40505e-287
10, -13.1579,0,0,0,-9.47064e-283,1.14801e-283,-1.06187e-282
10, -12.9073,0,0,0,-3.83272e-278,4.64597e-279,-4.29732e-278
10, -12.6566,0,0,0,-1.42173e-273,1.72341e-274,-1.59407e-273
10, -12.406,0,0,0,-4.83405e-269,5.85979e-270,-5.42003e-269
10, -12.1554,0,0,0,-1.50656e-264,1.82624e-265,-1.68918e-264
10, -11.9048,0,0,0,-4.30371e-260,5.21696e-261,-4.82541e-260
10, -11.6541,0,0,0,-1.12689e-255,1.36603e-256,-1.2635e-255
10, -11.4035,0,0,0,-2.70461e-251,3.27856e-252,-3.03247e-251
10, -11.1529,0,0,0,-5.9499e-247,7.21255e-248,-6.67116e-247
10, -10.9023,0,0,0,-1.19977e-242,1.45438e-243,-1.3452e-242
10, -10.6516,0,0,0,-2.21751e-238,2.68812e-239,-2.48632e-238
10, -10.401,0,0,0,-3.7568e-234,4.55409e-235,-4.2122e-234
10, -10.1504,0,0,0,-5.8338e-230,7.07191e-231,-6.54099e-230
10, -9.89975,0,0,0,-8.30363e-226,1.0066e-226,-9.31022e-226
10, -9.64912,0,0,0,-1.08334e-221,1.31327e-222,-1.21467e-221
10, -9.3985,0,0,0,-1.29553e-217,1.5705e-218,-1.45258e-217
10, -9.14787,0,0,0,-1.42007e-213,1.72149e-214,-1.59222e-213
10, -8.89724,0,0,0,-1.42678e-209,1.72962e-210,-1.59974e-209
10, -8.64662,0,0,0,-1.31397e-205,1.59287e-206,-1.47325e-205
10, -8.39599,0,0,0,-1.10916e-201,1.3446e-202,-1.24362e-201
10, -8.14536,0,0,0,-8.58198e-198,1.04037e-198,-9.62235e-198
10, -7.89474,0,0,0,-6.08643e-194,7.37846e-195,-6.82427e-194
10, -7.64411,0,0,0,-3.95658e-190,4.79651e-191,-4.43623e-190
10, -7.39348,0,0,0,-2.35755e-186,2.85803e-187,-2.64335e-186
10, -7.14286,0,0,0,-1.2876e-182,1.56096e-183,-1.4437e-182
10, -6.89223,0,0,0,-6.44595e-179,7.81445e-180,-7.2274e-179
10, -6.6416,0,0,0,-2.95784e-175,3.58581e-176,-3.31642e-175
10, -6.39098,0,0,0,-1.24407e-171,1.5082e-172,-1.39489e-171
10, -6.14035,0,0,0,-4.79619e-168,5.81451e-169,-5.37764e-168
10, -5.88972,0,0,0,-1.69485e-164,2.05471e-165,-1.90032e-164
10, -5.6391,0,0,0,-5.48969e-161,6.65531e-162,-6.15522e-161
10, -5.38847,0,0,0,-1.62985e-157,1.97592e-158,-1.82744e-157
10, -5.13784,0,0,0,-4.43537e-154,5.37717e-155,-4.97309e-154
10, -4.88722,0,0,0,-1.10636e-150,1.34128e-151,-1.24048e-150
10, -4.63659,0,0,0,-2.52955e-147,3.06668e-148,-2.83622e-147
10, -4.38596,0,0,0,-5.30119e-144,6.42686e-145,-5.94387e-144
10, -4.13534,0,0,0,-1.01833e-140,1.23456e-141,-1.14178e-140
10, -3.88471,0,0,0,-1.79301e-137,2.17374e-138,-2.01038e-137
10, -3.63409,0,0,0,-2.89375e-134,3.50821e-135,-3.24457e-134
10, -3.38346,0,0,0,-4.28079e-131,5.18974e-132,-4.79976e-131
10, -3.13283,0,0,0,-5.80455e-128,7.03702e-129,-6.50825e-128
10, -2.88221,0,0,0,-7.21434e-125,8.74609e-126,-8.08895e-125
10, -2.63158,0,0,0,-8.2188e-122,9.96372e-123,-9.21517e-122
10, -2.38095,0,0,0,-8.58229e-119,1.04043e-119,-9.62272e-119
10, -2.13033,0,0,0,-8.21451e-116,9.95827e-117,-9.21034e-116
10, -1.8797,0,0,0,-7.20682e-113,8.73653e-114,-8.08047e-113
10, -1.62907,0,0,0,-5.79548e-110,7.02548e-111,-6.49803e-110
10, -1.37845,0,0,0,-4.27189e-107,5.1784e-108,-4.78973e-107
10, -1.12782,0,0,0,-2.88625e-104,3.49863e-105,-3.23611e-104
10, -0.877193,0,0,0,-1.78744e-101,2.16662e-102,-2.00411e-101
10, -0.626566,0,0,0,-1.01465e-98,1.22984e-99,-1.13763e-98
10, -0.37594,0,0,0,-5.2794e-96,6.39879e-97,-5.91928e-96
10, -0.125313,0,0,0,-2.5179e-93,3.05161e-94,-2.82306e-93
10, 0.125313,0,0,0,-1.10072e-90,1.33396e-91,-1.23412e-90
10, 0.37594,0,0,0,-4.41065e-88,5.34491e-89,-4.94514e-88
10, 0.626566,0,0,0,-1.62e-85,1.96299e-86,-1.8163e-85
10, 0.877193,0,0,0,-5.45396e-83,6.60815e-84,-6.11478e-83
10, 1.12782,0,0,0,-1.68305e-80,2.03903e-81,-1.88696e-80
10, 1.37845,0,0,0,-4.76071e-78,5.767e-79,-5.33741e-78
10, 1.62907,0,0,0,-1.23434e-75,1.49506e-76,-1.38384e-75
10, 1.8797,0,0,0,-2.93349e-73,3.55262e-74,-3.28875e-73
10, 2.13033,0,0,0,-6.39036e-71,7.73788e-72,-7.16415e-71
10, 2.38095,0,0,0,-1.27602e-68,1.54482e-69,-1.4305e-68
10, 2.63158,0,0,0,-2.3355e-66,2.82693e-67,-2.61819e-66
10, 2.88221,0,0,0,-3.91827e-64,4.74172e-65,-4.39245e-64
10, 3.13283,0,0,0,-6.02565e-62,7.29019e-63,-6.75467e-62
10, 3.38346,0,0,0,-8.4939e-60,1.02736e-60,-9.52126e-60
10, 3.63409,0,0,0,-1.09751e-57,1.32706e-58,-1.23021e-57
10, 3.88471,0,0,0,-1.29988e-55,1.57124e-56,-1.457e-55
10, 4.13534,0,0,0,-1.41123e-53,1.70519e-54,-1.58175e-53
10, 4.38596,0,0,0,-1.40441e-51,1.69625e-52,-1.57404e-51
10, 4.63659,0,0,0,-1.28113e-49,1.54663e-50,-1.43579e-49
10, 4.88722,0,0,0,-1.07126e-47,1.2926e-48,-1.20052e-47
10, 5.13784,0,0,0,-8.21118e-46,9.9021e-47,-9.20139e-46
10, 5.38847,0,0,0,-5.76931e-44,6.95299e-45,-6.46461e-44
10, 5.6391,0,0,0,-3.71582e-42,4.47506e-43,-4.16332e-42
10, 5.88972,0,0,0,-2.19381e-40,2.64002e-41,-2.45781e-40
10, 6.14035,0,0,0,-1.1873e-38,1.42758e-39,-1.33006e-38
10, 6.39098,0,0,0,-5.8904e-37,7.07576e-38,-6.59798e-37
10, 6.6416,0,0,0,-2.67888e-35,3.21462e-36,-3.00034e-35
10, 6.89223,0,0,0,-1.11684e-33,1.33865e-34,-1.25071e-33
10, 7.14286,0,0,0,-4.26837e-32,5.10963e-33,-4.77933e-32
10, 7.39348,0,0,0,-1.49545e-30,1.78769e-31,-1.67422e-30
10, 7.64411,0,0,0,-4.80315e-29,5.73296e-30,-5.37644e-29
10, 7.89474,0,0,0,-1.41426e-27,1.68518e-28,-1.58278e-27
10, 8.14536,0,0,0,-3.81758e-26,4.54044e-27,-4.27163e-26
10, 8.39599,0,0,0,-9.44737e-25,1.12132e-25,-1.05687e-24
10, 8.64662,0,0,0,-2.1434e-23,2.53832e-24,-2.39724e-23
10, 8.89724,0,0,0,-4.45836e-22,5.26678e-23,-4.98504e-22
10, 9.14787,0,0,0,-8.50226e-21,1.00167e-21,-9.50393e-21
10, 9.3985,0,0,0,-1.48659e-19,1.74618e-20,-1.66121e-19
10, 9.64912,0,0,0,-2.38316e-18,2.79019e-19,-2.66218e-18
10, 9.89975,0,0,0,-3.50296e-17,4.08659e-18,-3.91162e-17
10, 10.1504,0,0,0,-4.72115e-16,5.48619e-17,-5.26977e-16
10, 10.401,0,0,0,-5.8345e-15,6.75092e-16,-6.50959e-15
10, 10.6516,0,0,0,-6.61175e-14,7.61444e-15,-7.3732e-14
10, 10.9023,0,0,0,-6.87072e-13,7.87218e-14,-7.65794e-13
10, 11.1529,0,0,0,-6.54752e-12,7.45992e-13,-7.29351e-12
10, 11.4035,0,0,0,-5.72211e-11,6.47972e-12,-6.37009e-11
10, 11.6541,0,0,0,-4.58628e-10,5.15894e-11,-5.10217e-10
10, 11.9048,0,0,0,-3.37138e-09,3.76485e-10,-3.74786e-09
10, 12.1554,0,0,0,-2.2731e-08,2.51835e-09,-2.52494e-08
10, 12.406,0,0,0,-1.40578e-07,1.54407e-08,-1.56018e-07
10, 12.6566,0,0,0,-7.97486e-07,8.67765e-08,-8.84262e-07
10, 12.9073,0,0,0,-4.15014e-06,4.47011e-07,-4.59715e-06
10, 13.1579,0,0,0,-1.98135e-05,2.11065e-06,-2.19242e-05
10, 13.4085,0,0,0,-8.67853e-05,9.13478e-06,-9.592e-05
10, 13.6591,0,0,0,-0.000348773,3.62378e-05,-0.000385011
10, 13.9098,0,0,0,-0.00128612,0.000131767,-0.00141789
10, 14.1604,0,0,0,-0.00435202,0.000439173,-0.00479119
10, 14.411,0,0,0,-0.0135145,0.00134167,-0.0148562
10, 14.6617,0,0,0,-0.038516,0.00375699,-0.0422729
10, 14.9123,0,0,0,-0.100749,0.00964307,-0.110393
10, 15.1629,0,0,0,-0.2419,0.0226868,-0.264587
10, 15.4135,0,0,0,-0.533155,0.0489231,-0.582078
10, 15.6642,0,0,0,-1.07875,0.0967022,-1.17546
10, 15.9148,0,0,0,-2.00389,0.175203,-2.17909
10, 16.1654,0,0,0,-3.41769,0.290957,-3.70865
10, 16.416,0,0,0,-5.35215,0.442893,-5.79504
10, 16.6667,0,0,0,-7.69633,0.617947,-8.31428
10, 16.9173,0,0,0,-10.163,0.790289,-10.9533
10, 17.1679,0,0,0,-12.3243,0.92641,-13.2507
10, 17.4185,0,0,0,-13.7254,0.995412,-14.7208
10, 17.6692,-8.25,1,-9.25,-14.0384,0.980358,-15.0188
10, 17.9198,-5.2325,1,-6.2325,-13.1874,0.885012,-14.0724
10, 18.1704,-5.2325,1,-6.2325,-11.3776,0.732311,-12.1099
10, 18.4211,-5.2325,1,-6.2325,-9.01571,0.555424,-9.57113
10, 18.6717,-5.2325,1,-6.2325,-6.56154,0.386132,-6.94767
10, 18.9223,-5.2325,1,-6.2325,-4.38597,0.246054,-4.63202
10, 19.1729,-5.2325,1,-6.2325,-2.6926,0.143716,-2.83632
10, 19.4236,-5.2325,1,-6.2325,-1.51816,0.0769423,-1.5951
10, 19.6742,-5.2325,1,-6.2325,-0.78611,0.0377578,-0.823868
10, 19.9248,-5.2325,1,-6.2325,-0.373816,0.0169836,-0.390799
10, 20.1754,-5.2325,1,-6.2325,-0.163237,0.00700222,-0.17024
10, 20.4261,-5.2325,1,-6.2325,-0.0654556,0.00264621,-0.0681018
10, 20.6767,-5.2325,1,-6.2325,-0.0240999,0.000916632,-0.0250166
10, 20.9273,-5.2325,1,-6.2325,-0.00814705,0.000291037,-0.00843809
10, 21.1779,-5.2325,1,-6.2325,-0.00252856,8.47e-05,-0.00261326
10, 21.4286,-5.2325,1,-6.2325,-0.00072045,2.25944e-05,-0.000743044
10, 21.6792,-5.2325,1,-6.2325,-0.000188436,5.52461e-06,-0.000193961
10, 21.9298,-5.2325,1,-6.2325,-4.52401e-05,1.23818e-06,-4.64782e-05
10, 22.1805,-5.2325,1,-6.2325,-9.96896e-06,2.5436e-07,-1.02233e-05
10, 22.4311,-5.2325,1,-6.2325,-2.01611e-06,4.78957e-08,-2.064e-06
10, 22.6817,-5.2325,1,-6.2325,-3.74183e-07,8.2666e-09,-3.8245e-07
10, 22.9323,-5.2325,1,-6.2325,-6.37281e-08,1.30779e-09,-6.50359e-08
10, 23.183,-5.2325,1,-6.2325,-9.9592e-09,1.89642e-10,-1.01488e-08
10, 23.4336,-5.2325,1,-6.2325,-1.42802e-09,2.52064e-11,-1.45323e-09
10, 23.6842,-5.2325,1,-6.2325,-1.87861e-10,3.07093e-12,-1.90932e-10
10, 23.9348,-5.2325,1,-6.2325,-2.26726e-11,3.42935e-13,-2.30155e-11
10, 24.1855,-5.2325,1,-6.2325,-2.51016e-12,3.51024e-14,-2.54526e-12
10, 24.4361,-5.2325,1,-6.2325,-2.54926e-13,3.29339e-15,-2.5822e-13
10, 24.6867,-5.2325,1,-6.2325,-2.37474e-14,2.83226e-16,-2.40306e-14
10, 24.9373,-5.2325,1,-6.2325,-2.02901e-15,2.23256e-17,-2.05134e-15
10, 25.188,-5.2325,1,-6.2325,-1.59e-16,1.61309e-18,-1.60613e-16
10, 25.4386,-5.2325,1,-6.2325,-1.14271e-17,1.0683e-19,-1.15339e-17
10, 25.6892,-5.2325,1,-6.2325,-7.53151e-19,6.48504e-21,-7.59636e-19
10, 25.9398,-5.2325,1,-6.2325,-4.55214e-20,3.60839e-22,-4.58823e-20
10, 26.1905,-5.2325,1,-6.2325,-2.52303e-21,1.84034e-23,-2.54143e-21
10, 26.4411,-5.2325,1,-6.2325,-1.28229e-22,8.60326e-25,-1.29089e-22
10, 26.6917,-5.2325,1,-6.2325,-5.97575e-24,3.68648e-26,-6.01262e-24
10, 26.9424,-5.2325,1,-6.2325,-2.55346e-25,1.44791e-27,-2.56793e-25
10, 27.193,-5.2325,1,-6.2325,-1.00042e-26,5.21261e-29,-1.00563e-26
10, 27.4436,-5.2325,1,-6.2325,-3.59368e-28,1.72009e-30,-3.61088e-28
10, 27.6942,-5.2325,1,-6.2325,-1.18357e-29,5.2027e-32,-1.18877e-29
10, 27.9449,-5.2325,1,-6.2325,-3.57381e-31,1.44241e-33,-3.58824e-31
10, 28.1955,-5.2325,1,-6.2325,-9.89342e-33,3.66549e-35,-9.93008e-33
10, 28.4461,-5.2325,1,-6.2325,-2.5109e-34,8.53801e-37,-2.51944e-34
10, 28.6967,-5.2325,1,-6.2325,-5.84213e-36,1.82291e-38,-5.86036e-36
10, 28.9474,-5.2325,1,-6.2325,-1.24614e-37,3.56742e-40,-1.24971e-37
10, 29.198,-5.2325,1,-6.2325,-2.43674e-39,6.39921e-42,-2.44313e-39
10, 29.4486,-5.2325,1,-6.2325,-4.36808e-41,1.05216e-43,-4.3786e-41
10, 29.6992,-5.2325,1,-6.2325,-7.17807e-43,1.58569e-45,-7.19392e-43
10, 29.9499,-5.2325,1,-6.2325,-1.08132e-44,2.19047e-47,-1.08351e-44
10, 30.2005,-5.2325,1,-6.2325,-1.49323e-46,2.77357e-49,-1.496e-46
10, 30.4511,-5.2325,1,-6.2325,-1.89025e-48,3.21902e-51,-1.89347e-48
10, 30.7018,-5.2325,1,-6.2325,-2.19346e-50,3.42444e-53,-2.19688e-50
10, 30.9524,-5.2325,1,-6.2325,-2.33321e-52,3.33918e-55,-2.33654e-52
10, 31.203,-5.2325,1,-6.2325,-2.27503e-54,2.98449e-57,-2.27801e-54
10, 31.4536,-5.2325,1,-6.2325,-2.03343e-56,2.44503e-59,-2.03587e-56
10, 31.7043,-5.2325,1,-6.2325,-1.666e-58,1.83603e-61,-1.66783e-58
10, 31.9549,-5.2325,1,-6.2325,-1.25119e-60,1.26375e-63,-1.25245e-60
10, 32.2055,-5.2325,1,-6.2325,-8.61332e-63,7.97298e-66,-8.6213e-63
10, 32.4561,-5.2325,1,-6.2325,-5.43522e-65,4.61067e-68,-5.43983e-65
10, 32.7068,-5.2325,1,-6.2325,-3.14383e-67,2.44394e-70,-3.14627e-67
10, 32.9574,-5.2325,1,-6.2325,-1.66685e-69,1.1874e-72,-1.66803e-69
10, 33.208,-5.2325,1,-6.2325,-8.10074e-72,5.28797e-75,-8.10603e-72
10, 33.4586,-5.2325,1,-6.2325,-3.60866e-74,2.15855e-77,-3.61082e-74
10, 33.7093,-5.2325,1,-6.2325,-1.47352e-76,8.07639e-80,-1.47433e-76
10, 33.9599,-5.2325,1,-6.2325,-5.51514e-79,2.76984e-82,-5.51791e-79
10, 34.2105,-5.2325,1,-6.2325,-1.8921e-81,8.70714e-85,-1.89297e-81
10, 34.4612,-5.2325,1,-6.2325,-5.95004e-84,2.50887e-87,-5.95255e-84
10, 34.7118,-5.2325,1,-6.2325,-1.71507e-86,6.62618e-90,-1.71573e-86
10, 34.9624,-5.2325,1,-6.2325,-4.53135e-89,1.6041e-92,-4.53296e-89
10, 35.213,-5.2325,1,-6.2325,-1.09739e-91,3.55943e-95,-1.09774e-91
10, 35.4637,-5.2325,1,-6.2325,-2.43599e-94,7.23957e-98,-2.43671e-94
10, 35.7143,-5.2325,1,-6.2325,-4.9565e-97,1.34967e-100,-4.95785e-97
10, 35.9649,-5.2325,1,-6.2325,-9.24394e-100,2.30634e-103,-9.24625e-100
10, 36.2155,-5.2325,1,-6.2325,-1.58024e-102,3.61247e-106,-1.5806e-102
10, 36.4662,-5.2325,1,-6.2325,-2.47611e-105,5.18639e-109,-2.47663e-105
10, 36.7168,-5.2325,1,-6.2325,-3.5563e-108,6.82511e-112,-3.55699e-108
10, 36.9674,-5.2325,1,-6.2325,-4.68177e-111,8.23259e-115,-4.68259e-111
10, 37.218,-5.2325,1,-6.2325,-5.64939e-114,9.10218e-118,-5.6503e-114
10, 37.4687,-5.2325,1,-6.2325,-6.24849e-117,9.22437e-121,-6.24941e-117
10, 37.7193,-5.2325,1,-6.2325,-6.33475e-120,8.56862e-124,-6.3356e-120
10, 37.9699,-5.2325,1,-6.2325,-5.88659e-123,7.2957e-127,-5.88732e-123
10, 38.2206,-5.2325,1,-6.2325,-5.01394e-126,5.69384e-130,-5.01451e-126
10, 38.4712,-5.2325,1,-6.2325,-3.91449e-129,4.07311e-133,-3.91489e-129
10, 38.7218,-5.2325,1,-6.2325,-2.80124e-132,2.67073e-136,-2.80151e-132
10, 38.9724,-5.2325,1,-6.2325,-1.83741e-135,1.60515e-139,-1.83757e-135
10, 39.2231,-5.2325,1,-6.2325,-1.10469e-138,8.84268e-143,-1.10478e-138
10, 39.4737,-5.2325,1,-6.2325,-6.08777e-142,4.46514e-146,-6.08822e-142
10, 39.7243,-5.2325,1,-6.2325,-3.07506e-145,2.06665e-149,-3.07527e-145
10, 39.9749,-5.2325,1,-6.2325,-1.42374e-148,8.76765e-153,-1.42382e-148
10, 40.2256,-5.2325,1,-6.2325,-6.04206e-152,3.40942e-156,-6.0424e-152
10, 40.4762,-5.2325,1,-6.2325,-2.35028e-155,1.21524e-159,-2.3504e-155
10, 40.7268,-5.2325,1,-6.2325,-8.37983e-159,3.9703e-163,-8.38023e-159
10, 40.9774,-5.2325,1,-6.2325,-2.73861e-162,1.18896e-166,-2.73873e-162
10, 41.2281,-5.2325,1,-6.2325,-8.2036e-166,3.26359e-170,-8.20393e-166
10, 41.4787,-5.2325,1,-6.2325,-2.25247e-169,8.21119e-174,-2.25255e-169
10, 41.7293,-5.2325,1,-6.2325,-5.66882e-173,1.89364e-177,-5.66901e-173
10, 41.9799,-5.2325,1,-6.2325,-1.30769e-176,4.00288e-181,-1.30773e-176
10, 42.2306,-5.2325,1,-6.2325,-2.76503e-180,7.75586e-185,-2.76511e-180
10, 42.4812,-5.2325,1,-6.2325,-5.35887e-184,1.37743e-188,-5.35901e-184
10, 42.7318,-5.2325,1,-6.2325,-9.51977e-188,2.24229e-192,-9.51999e-188
10, 42.9825,-5.2325,1,-6.2325,-1.5501e-191,3.34576e-196,-1.55013e-191
10, 43.2331,-5.2325,1,-6.2325,-2.31352e-195,4.57596e-200,-2.31356e-195
10, 43.4837,-5.2325,1,-6.2325,-3.16494e-199,5.73655e-204,-3.165e-199
10, 43.7343,-5.2325,1,-6.2325,-3.96861e-203,6.59177e-208,-3.96867e-203
10, 43.985,-5.2325,1,-6.2325,-4.56132e-207,6.94282e-212,-4.56139e-207
10, 44.2356,-5.2325,1,-6.2325,-4.80534e-211,6.70274e-216,-4.8054e-211
10, 44.4862,-5.2325,1,-6.2325,-4.6402e-215,5.93131e-220,-4.64026e-215
10, 44.7368,-5.2325,1,-6.2325,-4.10705e-219,4.81096e-224,-4.1071e-219
10, 44.9875,-5.2325,1,-6.2325,-3.33198e-223,3.57681e-228,-3.33202e-223
10, 45.2381,-5.2325,1,-6.2325,-2.47774e-227,2.43748e-232,-2.47777e-227
10, 45.4887,-5.2325,1,-6.2325,-1.68885e-231,1.52254e-236,-1.68886e-231
10, 45.7393,-5.2325,1,-6.2325,-1.05512e-235,8.71726e-241,-1.05513e-235
10, 45.99,-5.2325,1,-6.2325,-6.04224e-240,4.57481e-245,-6.04228e-240
10, 46.2406,-5.2325,1,-6.2325,-3.17156e-244,2.20064e-249,-3.17158e-244
10, 46.4912,-5.2325,1,-6.2325,-1.5259e-248,9.703e-254,-1.52591e-248
10, 46.7419,-5.2325,1,-6.2325,-6.72919e-253,3.92145e-258,-6.72923e-253
10, 46.9925,-5.2325,1,-6.2325,-2.72006e-257,1.45268e-262,-2.72008e-257
10, 47.2431,-5.2325,1,-6.2325,-1.0078e-261,4.93258e-267,-1.00781e-261
10, 47.4937,-5.2325,1,-6.2325,-3.42257e-266,1.53519e-271,-3.42258e-266
10, 47.7444,-5.2325,1,-6.2325,-1.06539e-270,4.37957e-276,-1.0654e-270
10, 47.995,-5.2325,1,-6.2325,-3.03982e-275,1.1452e-280,-3.03983e-275
10, 48.2456,-5.2325,1,-6.2325,-7.94999e-280,2.74484e-285,-7.95002e-280
10, 48.4962,-5.2325,1,-6.2325,-1.90575e-284,6.03024e-290,-1.90576e-284
10, 48.7469,-5.2325,1,-6.2325,-4.18742e-289,1.21432e-294,-4.18743e-289
10, 48.9975,-5.2325,1,-6.2325,-8.4335e-294,2.24138e-299,-8.43352e-294
10, 49.2481,-5.2325,1,-6.2325,-1.55686e-298,3.7921e-304,-1.55686e-298
10, 49.4987,-5.2325,1,-6.2325,-2.63434e-303,5.88067e-309,-2.63435e-303
10, 49.7494,-5.2325,1,-6.2325,-4.08579e-308,8.35903e-314,-4.0858e-308
10, 50,-5.2325,1,-6.2325,-5.80846e-313,1.0891e-318,-5.80847e-313
