Time step, X values, Set 1 Solution, Set 1 Analytical, Set 1 Error, Set 2 Solution, Set 2 Analytical, Set 2 Error
5, -50,0,0,0,0,0,0
5, -49.7494,0,0,0,0,0,0
5, -49.4987,0,0,0,0,0,0
5, -49.2481,0,0,0,0,0,0
5, -48.9975,0,0,0,0,0,0
5, -48.7469,0,0,0,0,0,0
5, -48.4962,0,0,0,0,0,0
5, -48.2456,0,0,0,0,0,0
5, -47.995,0,0,0,0,0,0
5, -47.7444,0,0,0,0,0,0
5, -47.4937,0,0,0,0,0,0
5, -47.2431,0,0,0,0,0,0
5, -46.9925,0,0,0,0,0,0
5, -46.7419,0,0,0,0,0,0
5, -46.4912,0,0,0,0,0,0
5, -46.2406,0,0,0,0,0,0
5, -45.99,0,0,0,0,0,0
5, -45.7393,0,0,0,0,0,0
5, -45.4887,0,0,0,0,0,0
5, -45.2381,0,0,0,0,0,0
5, -44.9875,0,0,0,0,0,0
5, -44.7368,0,0,0,0,0,0
5, -44.4862,0,0,0,0,0,0
5, -44.2356,0,0,0,0,0,0
5, -43.985,0,0,0,0,0,0
5, -43.7343,0,0,0,0,0,0
5, -43.4837,0,0,0,0,0,0
5, -43.2331,0,0,0,0,0,0
5, -42.9825,0,0,0,0,0,0
5, -42.7318,0,0,0,0,0,0
5, -42.4812,0,0,0,0,0,0
5, -42.2306,0,0,0,0,0,0
5, -41.9799,0,0,0,0,0,0
5, -41.7293,0,0,0,0,0,0
5, -41.4787,0,0,0,0,0,0
5, -41.2281,0,0,0,0,0,0
5, -40.9774,0,0,0,0,0,0
5, -40.7268,0,0,0,0,0,0
5, -40.4762,0,0,0,0,0,0
5, -40.2256,0,0,0,0,0,0
5, -39.9749,0,0,0,0,0,0
5, -39.7243,0,0,0,0,0,0
5, -39.4737,0,0,0,0,0,0
5, -39.2231,0,0,0,0,0,0
5, -38.9724,0,0,0,0,0,0
5, -38.7218,0,0,0,0,0,0
5, -38.4712,0,0,0,0,0,0
5, -38.2206,0,0,0,0,0,0
5, -37.9699,0,0,0,0,0,0
5, -37.7193,0,0,0,0,0,0
5, -37.4687,0,0,0,0,0,0
5, -37.218,0,0,0,0,0,0
5, -36.9674,0,0,0,0,0,0
5, -36.7168,0,0,0,0,0,0
5, -36.4662,0,0,0,0,0,0
5, -36.2155,0,0,0,0,0,0
5, -35.9649,0,0,0,0,0,0
5, -35.7143,0,0,0,0,0,0
5, -35.4637,0,0,0,0,0,0
5, -35.213,0,0,0,0,0,0
5, -34.9624,0,0,0,0,0,0
5, -34.7118,0,0,0,0,0,0
5, -34.4612,0,0,0,0,0,0
5, -34.2105,0,0,0,0,0,0
5, -33.9599,0,0,0,0,0,0
5, -33.7093,0,0,0,0,0,0
5, -33.4586,0,0,0,0,0,0
5, -33.208,0,0,0,0,0,0
5, -32.9574,0,0,0,0,0,0
5, -32.7068,0,0,0,4.94066e-324,0,4.94066e-324
5, -32.4561,0,0,0,4.94066e-324,0,4.94066e-324
5, -32.2055,0,0,0,4.94066e-324,0,4.94066e-324
5, -31.9549,0,0,0,7.65308e-320,0,4.94066e-324
5, -31.7043,0,0,0,4.86079e-315,0,4.94066e-324
5, -31.4536,0,0,0,2.82968e-310,0,8.94259e-322
5, -31.203,0,0,0,1.50991e-305,0,4.77571e-317
5, -30.9524,0,0,0,7.38499e-301,0,2.33589e-312
5, -30.7018,0,0,0,3.31079e-296,0,1.04725e-307
5, -30.4511,0,0,0,1.3605e-291,0,4.30362e-303
5, -30.2005,0,0,0,5.12446e-287,0,1.62108e-298
5, -29.9499,0,0,0,1.76922e-282,0,5.59705e-294
5, -29.6992,0,0,0,5.59887e-278,0,1.77134e-289
5, -29.4486,0,0,0,1.62407e-273,0,5.13843e-285
5, -29.198,0,0,0,4.31809e-269,0,1.3663e-280
5, -28.9474,0,0,0,1.05236e-264,0,3.33004e-276
5, -28.6967,0,0,0,2.35084e-260,0,7.43945e-272
5, -28.4461,0,0,0,4.81356e-256,0,1.52342e-267
5, -28.1955,0,0,0,9.03432e-252,0,2.8595e-263
5, -27.9449,0,0,0,1.55421e-247,0,4.91981e-259
5, -27.6942,0,0,0,2.45083e-243,0,7.75886e-255
5, -27.4436,0,0,0,3.54243e-239,0,1.1216e-250
5, -27.193,0,0,0,4.69329e-235,0,1.48618e-246
5, -26.9424,0,0,0,5.69955e-231,0,1.80507e-242
5, -26.6917,0,0,0,6.34443e-227,0,2.00962e-238
5, -26.4411,0,0,0,6.4734e-223,0,2.05081e-234
5, -26.1905,0,0,0,6.05427e-219,0,1.91838e-230
5, -25.9398,0,0,0,5.19016e-215,0,1.64491e-226
5, -25.6892,0,0,0,4.07841e-211,0,1.29284e-222
5, -25.4386,0,0,0,2.93759e-207,0,9.31428e-219
5, -25.188,0,0,0,1.93947e-203,0,6.15113e-215
5, -24.9373,0,0,0,1.17373e-199,0,3.7236e-211
5, -24.6867,0,0,0,6.51102e-196,0,2.06622e-207
5, -24.4361,0,0,0,3.31073e-192,0,1.05099e-203
5, -24.1855,0,0,0,1.5431e-188,0,4.90036e-200
5, -23.9348,0,0,0,6.59267e-185,2.56914e-322,2.09445e-196
5, -23.6842,0,0,0,2.58183e-181,2.10409e-317,8.20588e-193
5, -23.4336,0,0,0,9.26815e-178,1.57843e-312,2.94713e-189
5, -23.183,0,0,0,3.04973e-174,1.08535e-307,9.7027e-186
5, -22.9323,0,0,0,9.19882e-171,6.84062e-303,2.92826e-182
5, -22.6817,0,0,0,2.54336e-167,3.95188e-298,8.10132e-179
5, -22.4311,0,0,0,6.44603e-164,2.09264e-293,2.05463e-175
5, -22.1805,0,0,0,1.49757e-160,1.01571e-288,4.7769e-172
5, -21.9298,0,0,0,3.18927e-157,4.51881e-284,1.01813e-168
5, -21.6792,0,0,0,6.22604e-154,1.84273e-279,1.98931e-165
5, -21.4286,0,0,0,1.11417e-150,6.88784e-275,3.56333e-162
5, -21.1779,0,0,0,1.82772e-147,2.35986e-270,5.85151e-159
5, -20.9273,0,0,0,2.74848e-144,7.41092e-266,8.8094e-156
5, -20.6767,0,0,0,3.78883e-141,2.13324e-261,1.2159e-152
5, -20.4261,0,0,0,4.78795e-138,5.62847e-257,1.53861e-149
5, -20.1754,0,0,0,5.54665e-135,1.3612e-252,1.78506e-146
5, -19.9248,0,0,0,5.89053e-132,3.01743e-248,1.89878e-143
5, -19.6742,0,0,0,5.73489e-129,6.13106e-244,1.85186e-140
5, -19.4236,0,0,0,5.11858e-126,1.14187e-239,1.65601e-137
5, -19.1729,0,0,0,4.18826e-123,1.94929e-235,1.35786e-134
5, -18.9223,0,0,0,3.14184e-120,3.05016e-231,1.02093e-131
5, -18.6717,0,0,0,2.16077e-117,4.37471e-227,7.03878e-129
5, -18.4211,0,0,0,1.36244e-114,5.7512e-223,4.45021e-126
5, -18.1704,0,0,0,7.87619e-112,6.93028e-219,2.58025e-123
5, -17.9198,0,0,0,4.17463e-109,7.65464e-215,1.37202e-120
5, -17.6692,0,0,0,2.02876e-106,7.74964e-211,6.69109e-118
5, -17.4185,0,0,0,9.04002e-104,7.19152e-207,2.99292e-115
5, -17.1679,0,0,0,3.69356e-101,6.11705e-203,1.22795e-112
5, -16.9173,0,0,0,1.38379e-98,4.76921e-199,4.62145e-110
5, -16.6667,0,0,0,4.75405e-96,3.40826e-195,1.59559e-107
5, -16.416,0,0,0,1.49775e-93,2.23255e-191,5.05403e-105
5, -16.1654,0,0,0,4.32729e-91,1.34045e-187,1.46881e-102
5, -15.9148,0,0,0,1.1466e-88,7.3771e-184,3.91691e-100
5, -15.6642,0,0,0,2.78646e-86,3.72136e-180,9.58541e-98
5, -15.4135,0,0,0,6.21095e-84,1.72068e-176,2.15285e-95
5, -15.1629,0,0,0,1.26986e-81,7.29257e-173,4.43814e-93
5, -14.9123,0,0,0,2.3816e-79,2.83298e-169,8.39896e-91
5, -14.6617,0,0,0,4.09763e-77,1.00876e-165,1.4593e-88
5, -14.411,0,0,0,6.46812e-75,3.29243e-162,2.32822e-86
5, -14.1604,0,0,0,9.36787e-73,9.84979e-159,3.41135e-84
5, -13.9098,0,0,0,1.24497e-70,2.70097e-155,4.59124e-82
5, -13.6591,0,0,0,1.51837e-68,6.78883e-152,5.6769e-80
5, -13.4085,0,0,0,1.69957e-66,1.56406e-148,6.44998e-78
5, -13.1579,0,0,0,1.7462e-64,3.30287e-145,6.7354e-76
5, -12.9073,0,0,0,1.64702e-62,6.39314e-142,6.46589e-74
5, -12.6566,0,0,0,1.4263e-60,1.13428e-138,5.70771e-72
5, -12.406,0,0,0,1.13421e-58,1.84462e-135,4.63427e-70
5, -12.1554,0,0,0,8.28356e-57,2.74964e-132,3.46189e-68
5, -11.9048,0,0,0,5.5572e-55,3.75688e-129,2.3801e-66
5, -11.6541,0,0,0,3.42525e-53,4.70502e-126,1.50652e-64
5, -11.4035,0,0,0,1.94005e-51,5.40105e-123,8.78228e-63
5, -11.1529,0,0,0,1.00999e-49,5.68299e-120,4.717e-61
5, -10.9023,0,0,0,4.83396e-48,5.48099e-117,2.33523e-59
5, -10.6516,0,0,0,2.12759e-46,4.84532e-114,1.0661e-57
5, -10.401,0,0,0,8.61367e-45,3.92617e-111,4.49029e-56
5, -10.1504,0,0,0,3.20876e-43,2.91607e-108,1.74576e-54
5, -9.89975,0,0,0,1.10021e-41,1.98522e-105,6.26852e-53
5, -9.64912,0,0,0,3.47337e-40,1.2388e-102,2.08003e-51
5, -9.3985,0,0,0,1.01002e-38,7.08562e-100,6.38211e-50
5, -9.14787,0,0,0,2.7064e-37,3.7148e-97,1.81191e-48
5, -8.89724,0,0,0,6.68527e-36,1.78516e-94,4.76306e-47
5, -8.64662,0,0,0,1.52306e-34,7.86321e-92,1.1602e-45
5, -8.39599,0,0,0,3.20185e-33,3.17472e-89,2.62064e-44
5, -8.14536,0,0,0,6.21446e-32,1.17488e-86,5.49374e-43
5, -7.89474,0,0,0,1.11422e-30,3.98532e-84,1.06975e-41
5, -7.64411,0,0,0,1.8466e-29,1.23913e-81,1.93657e-40
5, -7.39348,0,0,0,2.83063e-28,3.53143e-79,3.26234e-39
5, -7.14286,0,0,0,4.0161e-27,9.22504e-77,5.11904e-38
5, -6.89223,0,0,0,5.27781e-26,2.20886e-74,7.48941e-37
5, -6.6416,0,0,0,6.42934e-25,4.84786e-72,1.02272e-35
5, -6.39098,0,0,0,7.26602e-24,9.75248e-70,1.30492e-34
5, -6.14035,0,0,0,7.62462e-23,1.7983e-67,1.55743e-33
5, -5.88972,0,0,0,7.43575e-22,3.03942e-65,1.7407e-32
5, -5.6391,0,0,0,6.7457e-21,4.70872e-63,1.82403e-31
5, -5.38847,0,0,0,5.69846e-20,6.68648e-61,1.79411e-30
5, -5.13784,0,0,0,4.48711e-19,8.7031e-59,1.65844e-29
5, -4.88722,0,0,0,3.29702e-18,1.03832e-56,1.4425e-28
5, -4.63659,0,0,0,2.26314e-17,1.13547e-54,1.18205e-27
5, -4.38596,0,0,0,1.4529e-16,1.13815e-52,9.13702e-27
5, -4.13534,0,0,0,8.73414e-16,1.04569e-50,6.67066e-26
5, -3.88471,0,0,0,4.92261e-15,8.80629e-49,4.60551e-25
5, -3.63409,0,0,0,2.60442e-14,6.79773e-47,3.01081e-24
5, -3.38346,0,0,0,1.29518e-13,4.8097e-45,1.86611e-23
5, -3.13283,0,0,0,6.06214e-13,3.11927e-43,1.09795e-22
5, -2.88221,0,0,0,2.67411e-12,1.85426e-41,6.14007e-22
5, -2.63158,0,0,0,1.11323e-11,1.01035e-39,3.26772e-21
5, -2.38095,0,0,0,4.37962e-11,5.04609e-38,1.65705e-20
5, -2.13033,0,0,0,1.63057e-10,2.31005e-36,8.01636e-20
5, -1.8797,0,0,0,5.75302e-10,9.69323e-35,3.70417e-19
5, -1.62907,0,0,0,1.92627e-09,3.7282e-33,1.63679e-18
5, -1.37845,0,0,0,6.12924e-09,1.31435e-31,6.92455e-18
5, -1.12782,0,0,0,1.85597e-08,4.24723e-30,2.8079e-17
5, -0.877193,0,0,0,5.35564e-08,1.25801e-28,1.09258e-16
5, -0.626566,0,0,0,1.47477e-07,3.41541e-27,4.08396e-16
5, -0.37594,0,0,0,3.88062e-07,8.49935e-26,1.46803e-15
5, -0.125313,0,0,0,9.77064e-07,1.9387e-24,5.08008e-15
5, 0.125313,1.86173e-12,0,1.86173e-12,2.35703e-06,4.05338e-23,1.69407e-14
5, 0.37594,4.09006e-11,0,4.09006e-11,5.45498e-06,7.76795e-22,5.44946e-14
5, 0.626566,4.5823e-10,0,4.5823e-10,1.21272e-05,1.36452e-20,1.69261e-13
5, 0.877193,3.48963e-09,0,3.48963e-09,2.59303e-05,2.19701e-19,5.08108e-13
5, 1.12782,2.03158e-08,0,2.03158e-08,5.3391e-05,3.24242e-18,1.47553e-12
5, 1.37845,9.64165e-08,0,9.64165e-08,0.000105988,4.3862e-17,4.14876e-12
5, 1.62907,3.88451e-07,0,3.88451e-07,0.000203087,5.43863e-16,1.13041e-11
5, 1.8797,1.36619e-06,0,1.36619e-06,0.000376037,6.18121e-15,2.98694e-11
5, 2.13033,4.28071e-06,0,4.28071e-06,0.000673571,6.43931e-14,7.6576e-11
5, 2.38095,1.21364e-05,0,1.21364e-05,0.00116843,6.14877e-13,1.90381e-10
5, 2.63158,3.15162e-05,0,3.15162e-05,0.00196488,5.3817e-12,4.57374e-10
5, 2.88221,7.57031e-05,0,7.57031e-05,0.00320644,4.3175e-11,1.04767e-09
5, 3.13283,0.00016957,0,0.00016957,0.00508256,3.17489e-10,2.18614e-09
5, 3.38346,0.000356604,0,0.000356604,0.00783289,2.13996e-09,3.45864e-09
5, 3.63409,0.000708149,0,0.000708149,0.0117473,1.32211e-08,-1.01475e-09
5, 3.88471,0.00133449,0,0.00133449,0.0171596,7.48704e-08,-4.89064e-08
5, 4.13534,0.00239679,0,0.00239679,0.0244342,3.88629e-07,-3.34714e-07
5, 4.38596,0.00411819,0,0.00411819,0.0339444,1.84903e-06,-1.73966e-06
5, 4.63659,0.00679198,0,0.00679198,0.0460421,8.06368e-06,-7.84685e-06
5, 4.88722,0.0107844,0,0.0107844,0.0610226,3.22334e-05,-3.18129e-05
5, 5.13784,0.0165296,0,0.0165296,0.0790846,0.000118103,-0.000117305
5, 5.38847,0.0245161,0,0.0245161,0.100291,0.000396642,-0.00039516
5, 5.6391,0.0352629,0,0.0352629,0.124538,0.00122101,-0.00121831
5, 5.88972,0.0492872,0,0.0492872,0.151526,0.00344525,-0.00344044
5, 6.14035,0.0670663,0,0.0670663,0.180757,0.00891056,-0.00890215
5, 6.39098,0.0889964,0,0.0889964,0.211538,0.0211238,-0.0211094
5, 6.6416,0.115353,0,0.115353,0.243007,0.0459009,-0.0458766
5, 6.89223,0.146258,0,0.146258,0.274177,0.0914225,-0.0913823
5, 7.14286,0.181656,0,0.181656,0.303989,0.166904,-0.166839
5, 7.39348,0.221303,0,0.221303,0.331379,0.279295,-0.279191
5, 7.64411,0.264773,0,0.264773,0.355344,0.428393,-0.42823
5, 7.89474,0.311473,0,0.311473,0.375008,0.602288,-0.602036
5, 8.14536,0.360677,0,0.360677,0.389673,0.776154,-0.775771
5, 8.39599,0.411559,0,0.411559,0.39886,0.916799,-0.916227
5, 8.64662,0.463246,0,0.463246,0.402336,0.992619,-0.991777
5, 8.89724,0.514857,1,-0.485143,0.400115,0.985085,-0.983865
5, 9.14787,0.565549,1,-0.434451,0.392447,0.89608,-0.894339
5, 9.3985,0.614558,1,-0.385442,0.37979,0.747141,-0.74469
5, 9.64912,0.661221,1,-0.338779,0.362772,0.571006,-0.567605
5, 9.89975,0.705005,1,-0.294995,0.342141,0.400001,-0.395348
5, 10.1504,0.74551,1,-0.25449,0.318719,0.256841,-0.250559
5, 10.401,0.782473,1,-0.217527,0.29335,0.151164,-0.142797
5, 10.6516,0.815764,1,-0.184236,0.266856,0.0815488,-0.070548
5, 10.9023,0.845367,1,-0.154633,0.240002,0.0403244,-0.0260443
5, 11.1529,0.871371,1,-0.128629,0.213465,0.0182768,3.00321e-05
5, 11.4035,0.893942,1,-0.106058,0.18782,0.00759303,0.0155905
5, 11.6541,0.913309,1,-0.0866909,0.163521,0.00289143,0.0261179
5, 11.9048,0.929744,1,-0.0702564,0.140911,0.00100923,0.0348658
5, 12.1554,0.943539,1,-0.0564605,0.120216,0.00032289,0.0435348
5, 12.406,0.955,1,-0.0450002,0.101563,9.46888e-05,0.05292
5, 12.6566,0.964424,1,-0.0355761,0.0849904,2.54522e-05,0.0633529
5, 12.9073,0.972097,1,-0.0279026,0.0704637,6.27098e-06,0.0749439
5, 13.1579,0.978286,1,-0.0217138,0.0578921,1.41621e-06,0.0876951
5, 13.4085,0.983231,1,-0.0167687,0.047144,2.93157e-07,0.101545
5, 13.6591,0.987147,1,-0.0128529,0.0380608,5.56234e-08,0.116383
5, 13.9098,0.990221,1,-0.0097792,0.0304692,9.67379e-09,0.132055
5, 14.1604,0.992613,1,-0.00738706,0.0241915,1.54212e-09,0.148368
5, 14.411,0.994459,1,-0.00554075,0.019053,2.25331e-10,0.16509
5, 14.6617,0.995873,1,-0.0041272,0.0148883,3.01792e-11,0.181961
5, 14.9123,0.996947,1,-0.00305347,0.0115447,3.7049e-12,0.198694
5, 15.1629,0.997756,1,-0.00224411,0.00888492,4.16895e-13,0.214988
5, 15.4135,0.998361,1,-0.00163856,0.00678779,4.29992e-14,0.230536
5, 15.6642,0.998811,1,-0.0011888,0.00514848,4.06515e-15,0.245035
5, 15.9148,0.999143,1,-0.000857113,0.00387768,3.52269e-16,0.258196
5, 16.1654,0.999386,1,-0.000614193,0.00290051,2.79805e-17,0.269755
5, 16.416,0.999563,1,-0.000437484,0.00215502,2.03713e-18,0.27948
5, 16.6667,0.99969,1,-0.000309787,0.0015906,1.35945e-19,0.287183
5, 16.9173,0.999782,1,-0.000218101,0.00116645,8.31555e-21,0.29272
5, 17.1679,0.999847,1,-0.000152685,0.000850019,4.66231e-22,0.296001
5, 17.4185,0.999894,1,-0.000106299,0.000615602,2.39604e-23,0.296987
5, 17.6692,0.999926,1,-7.36037e-05,0.000443136,1.12867e-24,0.295695
5, 17.9198,0.999949,1,-5.06939e-05,0.000317098,4.87333e-26,0.292192
5, 18.1704,0.999965,1,-3.47331e-05,0.00022559,1.9287e-27,0.286591
5, 18.4211,0.999976,1,-2.36758e-05,0.000159577,6.99661e-29,0.27905
5, 18.6717,0.999984,1,-1.60577e-05,0.000112251,2.32644e-30,0.269759
5, 18.9223,0.999989,1,-1.08373e-05,7.85286e-05,7.09053e-32,0.258938
5, 19.1729,0.999993,1,-7.27871e-06,5.46425e-05,1.98084e-33,0.246827
5, 19.4236,0.999995,1,-4.86551e-06,3.78218e-05,5.07224e-35,0.233674
5, 19.6742,0.999997,1,-3.23727e-06,2.6044e-05,1.19051e-36,0.219736
5, 19.9248,0.999998,1,-2.14409e-06,1.78431e-05,2.56124e-38,0.205261
5, 20.1754,0.999999,1,-1.4137e-06,1.21638e-05,5.05068e-40,0.19049
5, 20.4261,0.999999,1,-9.28023e-07,8.25174e-06,9.12916e-42,0.175649
5, 20.6767,0.999999,1,-6.06569e-07,5.57107e-06,1.5125e-43,0.16094
5, 20.9273,1,1,-3.94781e-07,3.74359e-06,2.29689e-45,0.146546
5, 21.1779,1,1,-2.5587e-07,2.50397e-06,3.1972e-47,0.132621
5, 21.4286,1,1,-1.65159e-07,1.66724e-06,4.07925e-49,0.119296
5, 21.6792,1,1,-1.06178e-07,1.10518e-06,4.7706e-51,0.106671
5, 21.9298,1,1,-6.79908e-08,7.29397e-07,5.11386e-53,0.0948232
5, 22.1805,1,1,-4.33686e-08,4.79322e-07,5.02467e-55,0.083805
5, 22.4311,1,1,-2.75575e-08,3.13657e-07,4.5253e-57,0.0736458
5, 22.6817,1,1,-1.74451e-08,2.04399e-07,3.73569e-59,0.0643553
5, 22.9323,1,1,-1.10028e-08,1.32657e-07,2.82668e-61,0.0559261
5, 23.183,1,1,-6.9144e-09,8.57509e-08,1.96049e-63,0.0483363
5, 23.4336,1,1,-4.32967e-09,5.52121e-08,1.24633e-65,0.0415522
5, 23.6842,1,1,-2.70165e-09,3.54116e-08,7.2625e-68,0.0355311
5, 23.9348,1,1,-1.67998e-09,2.26256e-08,3.87901e-70,0.030224
5, 24.1855,1,1,-1.04112e-09,1.44022e-08,1.89906e-72,0.0255773
5, 24.4361,1,1,-6.43055e-10,9.13381e-09,8.52193e-75,0.021535
5, 24.6867,1,1,-3.95881e-10,5.77166e-09,3.50526e-77,0.0180409
5, 24.9373,1,1,-2.42926e-10,3.63412e-09,1.32155e-79,0.0150391
5, 25.188,1,1,-1.48593e-10,2.2802e-09,4.56701e-82,0.0124756
5, 25.4386,1,1,-9.06065e-11,1.42575e-09,1.44664e-84,0.0102994
5, 25.6892,1,1,-5.50778e-11,8.88461e-10,4.20022e-87,0.00846252
5, 25.9398,1,1,-3.33786e-11,5.51796e-10,1.11781e-89,0.00692069
5, 26.1905,1,1,-2.01675e-11,3.41576e-10,2.72674e-92,0.00563366
5, 26.4411,1,1,-1.21491e-11,2.1076e-10,6.0968e-95,0.00456508
5, 26.6917,1,1,-7.29705e-12,1.29628e-10,1.24952e-97,0.00368255
5, 26.9424,1,1,-4.37006e-12,7.94777e-11,2.34729e-100,0.00295745
5, 27.193,1,1,-2.60947e-12,4.85786e-11,4.04178e-103,0.00236472
5, 27.4436,1,1,-1.55354e-12,2.96019e-11,6.37913e-106,0.00188261
5, 27.6942,1,1,-9.2204e-13,1.79841e-11,9.22853e-109,0.00149239
5, 27.9449,1,1,-5.45453e-13,1.08936e-11,1.22373e-111,0.00117807
5, 28.1955,1,1,-3.21632e-13,6.5794e-12,1.48738e-114,0.000926077
5, 28.4461,1,1,-1.88849e-13,3.96235e-12,1.65706e-117,0.000724995
5, 28.6967,1,1,-1.10356e-13,2.37952e-12,1.69215e-120,0.00056527
5, 28.9474,1,1,-6.40599e-14,1.42499e-12,1.58388e-123,0.000438968
5, 29.198,1,1,-3.68594e-14,8.51021e-13,1.3589e-126,0.000339536
5, 29.4486,1,1,-2.12053e-14,5.06862e-13,1.06865e-129,0.0002616
5, 29.6992,1,1,-1.17684e-14,3.01077e-13,7.7031e-133,0.000200774
5, 29.9499,1,1,-6.55032e-15,1.78369e-13,5.08954e-136,0.000153503
5, 30.2005,1,1,-3.44169e-15,1.05398e-13,3.08229e-139,0.000116919
5, 30.4511,1,1,-1.66533e-15,6.21203e-14,1.711e-142,8.87224e-05
5, 30.7018,1,1,-7.77156e-16,3.65203e-14,8.70583e-146,6.70777e-05
5, 30.9524,1,1,-2.22045e-16,2.14167e-14,4.06024e-149,5.05289e-05
5, 31.203,1,1,0,1.25286e-14,1.73571e-152,3.7926e-05
5, 31.4536,1,1,0,7.31136e-15,6.80117e-156,2.83654e-05
5, 31.7043,1,1,0,4.25651e-15,2.44271e-159,2.11403e-05
5, 31.9549,1,1,0,2.4722e-15,8.04163e-163,1.57009e-05
5, 32.2055,1,1,0,1.43252e-15,2.4266e-166,1.1621e-05
5, 32.4561,1,1,0,8.2817e-16,6.71174e-170,8.57209e-06
5, 32.7068,1,1,0,4.77697e-16,1.70159e-173,6.30188e-06
5, 32.9574,1,1,0,2.74923e-16,3.95417e-177,4.61754e-06
5, 33.208,1,1,0,1.57874e-16,8.42245e-181,3.37229e-06
5, 33.4586,1,1,0,9.04609e-17,1.64439e-184,2.45487e-06
5, 33.7093,1,1,0,5.17221e-17,2.94275e-188,1.7813e-06
5, 33.9599,1,1,0,2.95098e-17,4.82707e-192,1.28845e-06
5, 34.2105,1,1,0,1.68014e-17,7.25767e-196,9.29034e-07
5, 34.4612,1,1,0,9.54601e-18,1.00021e-199,6.67801e-07
5, 34.7118,1,1,0,5.41264e-18,1.26349e-203,4.7855e-07
5, 34.9624,1,1,0,3.06279e-18,1.46296e-207,3.41891e-07
5, 35.213,1,1,0,1.72965e-18,1.55265e-211,2.43524e-07
5, 35.4637,1,1,0,9.7486e-19,1.51043e-215,1.72944e-07
5, 35.7143,1,1,0,5.48377e-19,1.34681e-219,1.22458e-07
5, 35.9649,1,1,0,3.07879e-19,1.10077e-223,8.64586e-08
5, 36.2155,1,1,0,1.72526e-19,8.2465e-228,6.08662e-08
5, 36.4662,1,1,0,9.64963e-20,5.66271e-232,4.27274e-08
5, 36.7168,1,1,0,5.38718e-20,3.5642e-236,2.99096e-08
5, 36.9674,1,1,0,3.00203e-20,2.05628e-240,2.08787e-08
5, 37.218,1,1,0,1.66986e-20,1.08738e-244,1.45343e-08
5, 37.4687,1,1,0,9.27187e-21,5.27069e-249,1.00902e-08
5, 37.7193,1,1,0,5.13907e-21,2.34172e-253,6.98601e-09
5, 37.9699,1,1,0,2.84342e-21,9.53638e-258,4.82386e-09
5, 38.2206,1,1,0,1.57053e-21,3.55972e-262,3.32207e-09
5, 38.4712,1,1,0,8.65979e-22,1.21795e-266,2.28183e-09
5, 38.7218,1,1,0,4.76688e-22,3.81967e-271,1.56325e-09
5, 38.9724,1,1,0,2.6196e-22,1.09801e-275,1.06821e-09
5, 39.2231,1,1,0,1.4372e-22,2.89312e-280,7.28079e-10
5, 39.4737,1,1,0,7.87205e-23,6.9873e-285,4.95e-10
5, 39.7243,1,1,0,4.30484e-23,1.5468e-289,3.35697e-10
5, 39.9749,1,1,0,2.35035e-23,3.13866e-294,2.27099e-10
5, 40.2256,1,1,0,1.28121e-23,5.83761e-299,1.53257e-10
5, 40.4762,1,1,0,6.97314e-24,9.95195e-304,1.03175e-10
5, 40.7268,1,1,0,3.78935e-24,1.55512e-308,6.92919e-11
5, 40.9774,1,1,0,2.05607e-24,2.22742e-313,4.64257e-11
5, 41.2281,1,1,0,1.11391e-24,2.9243e-318,3.10322e-11
5, 41.4787,1,1,0,6.02581e-25,3.45846e-323,2.06944e-11
5, 41.7293,1,1,0,3.25489e-25,0,1.37686e-11
5, 41.9799,1,1,0,1.75558e-25,0,9.13969e-12
5, 42.2306,1,1,0,9.45528e-26,0,6.05326e-12
5, 42.4812,1,1,0,5.08517e-26,0,4.00011e-12
5, 42.7318,1,1,0,2.73099e-26,0,2.63747e-12
5, 42.9825,1,1,0,1.46461e-26,0,1.73518e-12
5, 43.2331,1,1,0,7.84374e-27,0,1.13908e-12
5, 43.4837,1,1,0,4.19493e-27,0,7.46148e-13
5, 43.7343,1,1,0,2.24045e-27,0,4.87712e-13
5, 43.985,1,1,0,1.19498e-27,0,3.18111e-13
5, 44.2356,1,1,0,6.36511e-28,0,2.07052e-13
5, 44.4862,1,1,0,3.38593e-28,0,1.34485e-13
5, 44.7368,1,1,0,1.79879e-28,0,8.71707e-14
5, 44.9875,1,1,0,9.54382e-29,0,5.63868e-14
5, 45.2381,1,1,0,5.05716e-29,0,3.64e-14
5, 45.4887,1,1,0,2.67633e-29,0,2.34505e-14
5, 45.7393,1,1,0,1.41458e-29,0,1.50777e-14
5, 45.99,1,1,0,7.46749e-30,0,9.67518e-15
5, 46.2406,1,1,0,3.93719e-30,0,6.19629e-15
5, 46.4912,1,1,0,2.07333e-30,0,3.9606e-15
5, 46.7419,1,1,0,1.0905e-30,0,2.5267e-15
5, 46.9925,1,1,0,5.7288e-31,0,1.60885e-15
5, 47.2431,1,1,0,3.00598e-31,0,1.02248e-15
5, 47.4937,1,1,0,1.57543e-31,0,6.48606e-16
5, 47.7444,1,1,0,8.24722e-32,0,4.10674e-16
5, 47.995,1,1,0,4.31237e-32,0,2.59545e-16
5, 48.2456,1,1,0,2.25231e-32,0,1.63732e-16
5, 48.4962,1,1,0,1.17503e-32,0,1.03102e-16
5, 48.7469,1,1,0,6.12329e-33,0,6.48062e-17
5, 48.9975,1,1,0,3.18741e-33,0,4.06624e-17
5, 49.2481,1,1,0,1.65735e-33,0,2.54683e-17
5, 49.4987,1,1,0,8.60831e-34,0,1.59238e-17
5, 49.7494,1,1,0,4.46635e-34,0,9.93885e-18
5, 50,1,1,0,2.31485e-34,0,6.19265e-18
10, -50,0,0,0,0,0,0
10, -49.7494,0,0,0,0,0,0
10, -49.4987,0,0,0,0,0,0
10, -49.2481,0,0,0,0,0,0
10, -48.9975,0,0,0,0,0,0
10, -48.7469,0,0,0,0,0,0
10, -48.4962,0,0,0,0,0,0
10, -48.2456,0,0,0,0,0,0
10, -47.995,0,0,0,0,0,0
10, -47.7444,0,0,0,0,0,0
10, -47.4937,0,0,0,0,0,0
10, -47.2431,0,0,0,0,0,0
10, -46.9925,0,0,0,0,0,0
10, -46.7419,0,0,0,0,0,0
10, -46.4912,0,0,0,0,0,0
10, -46.2406,0,0,0,0,0,0
10, -45.99,0,0,0,0,0,0
10, -45.7393,0,0,0,0,0,0
10, -45.4887,0,0,0,0,0,0
10, -45.2381,0,0,0,0,0,0
10, -44.9875,0,0,0,0,0,0
10, -44.7368,0,0,0,0,0,0
10, -44.4862,0,0,0,0,0,0
10, -44.2356,0,0,0,0,0,0
10, -43.985,0,0,0,0,0,0
10, -43.7343,0,0,0,0,0,0
10, -43.4837,0,0,0,0,0,0
10, -43.2331,0,0,0,0,0,0
10, -42.9825,0,0,0,0,0,0
10, -42.7318,0,0,0,0,0,0
10, -42.4812,0,0,0,0,0,0
10, -42.2306,0,0,0,0,0,0
10, -41.9799,0,0,0,0,0,0
10, -41.7293,0,0,0,0,0,0
10, -41.4787,0,0,0,0,0,0
10, -41.2281,0,0,0,0,0,0
10, -40.9774,0,0,0,0,0,0
10, -40.7268,0,0,0,0,0,0
10, -40.4762,0,0,0,0,0,0
10, -40.2256,0,0,0,0,0,0
10, -39.9749,0,0,0,0,0,0
10, -39.7243,0,0,0,0,0,0
10, -39.4737,0,0,0,0,0,0
10, -39.2231,0,0,0,0,0,0
10, -38.9724,0,0,0,0,0,0
10, -38.7218,0,0,0,0,0,0
10, -38.4712,0,0,0,0,0,0
10, -38.2206,0,0,0,0,0,0
10, -37.9699,0,0,0,0,0,0
10, -37.7193,0,0,0,0,0,0
10, -37.4687,0,0,0,0,0,0
10, -37.218,0,0,0,0,0,0
10, -36.9674,0,0,0,0,0,0
10, -36.7168,0,0,0,0,0,0
10, -36.4662,0,0,0,0,0,0
10, -36.2155,0,0,0,0,0,0
10, -35.9649,0,0,0,0,0,0
10, -35.7143,0,0,0,0,0,0
10, -35.4637,0,0,0,0,0,0
10, -35.213,0,0,0,0,0,0
10, -34.9624,0,0,0,0,0,0
10, -34.7118,0,0,0,0,0,0
10, -34.4612,0,0,0,0,0,0
10, -34.2105,0,0,0,0,0,0
10, -33.9599,0,0,0,0,0,0
10, -33.7093,0,0,0,0,0,0
10, -33.4586,0,0,0,0,0,0
10, -33.208,0,0,0,0,0,0
10, -32.9574,0,0,0,0,0,0
10, -32.7068,0,0,0,4.94066e-324,0,0
10, -32.4561,0,0,0,4.94066e-324,0,0
10, -32.2055,0,0,0,4.94066e-324,0,0
10, -31.9549,0,0,0,4.94066e-324,0,0
10, -31.7043,0,0,0,4.94066e-324,0,0
10, -31.4536,0,0,0,8.94259e-322,0,0
10, -31.203,0,0,0,4.77571e-317,0,0
10, -30.9524,0,0,0,2.33589e-312,0,0
10, -30.7018,0,0,0,1.04725e-307,0,0
10, -30.4511,0,0,0,4.30362e-303,0,0
10, -30.2005,0,0,0,1.62108e-298,0,0
10, -29.9499,0,0,0,5.59705e-294,0,0
10, -29.6992,0,0,0,1.77134e-289,0,0
10, -29.4486,0,0,0,5.13843e-285,0,0
10, -29.198,0,0,0,1.3663e-280,0,0
10, -28.9474,0,0,0,3.33004e-276,0,0
10, -28.6967,0,0,0,7.43945e-272,0,0
10, -28.4461,0,0,0,1.52342e-267,0,0
10, -28.1955,0,0,0,2.8595e-263,0,0
10, -27.9449,0,0,0,4.91981e-259,0,0
10, -27.6942,0,0,0,7.75886e-255,0,0
10, -27.4436,0,0,0,1.1216e-250,0,0
10, -27.193,0,0,0,1.48618e-246,0,0
10, -26.9424,0,0,0,1.80507e-242,0,0
10, -26.6917,0,0,0,2.00962e-238,0,0
10, -26.4411,0,0,0,2.05081e-234,0,0
10, -26.1905,0,0,0,1.91838e-230,0,0
10, -25.9398,0,0,0,1.64491e-226,0,0
10, -25.6892,0,0,0,1.29284e-222,0,0
10, -25.4386,0,0,0,9.31428e-219,0,0
10, -25.188,0,0,0,6.15113e-215,0,0
10, -24.9373,0,0,0,3.7236e-211,0,0
10, -24.6867,0,0,0,2.06622e-207,0,0
10, -24.4361,0,0,0,1.05099e-203,0,0
10, -24.1855,0,0,0,4.90036e-200,0,0
10, -23.9348,0,0,0,2.09445e-196,0,0
10, -23.6842,0,0,0,8.20588e-193,0,0
10, -23.4336,0,0,0,2.94713e-189,0,0
10, -23.183,0,0,0,9.7027e-186,0,0
10, -22.9323,0,0,0,2.92826e-182,0,0
10, -22.6817,0,0,0,8.10132e-179,0,0
10, -22.4311,0,0,0,2.05463e-175,0,0
10, -22.1805,0,0,0,4.7769e-172,0,0
10, -21.9298,0,0,0,1.01813e-168,0,0
10, -21.6792,0,0,0,1.98931e-165,0,0
10, -21.4286,0,0,0,3.56333e-162,0,0
10, -21.1779,0,0,0,5.85151e-159,0,0
10, -20.9273,0,0,0,8.8094e-156,0,0
10, -20.6767,0,0,0,1.2159e-152,0,0
10, -20.4261,0,0,0,1.53861e-149,0,0
10, -20.1754,0,0,0,1.78506e-146,0,0
10, -19.9248,0,0,0,1.89878e-143,0,0
10, -19.6742,0,0,0,1.85186e-140,0,0
10, -19.4236,0,0,0,1.65601e-137,0,0
10, -19.1729,0,0,0,1.35786e-134,0,0
10, -18.9223,0,0,0,1.02093e-131,0,0
10, -18.6717,0,0,0,7.03878e-129,0,0
10, -18.4211,0,0,0,4.45021e-126,0,0
10, -18.1704,0,0,0,2.58025e-123,0,0
10, -17.9198,0,0,0,1.37202e-120,0,0
10, -17.6692,0,0,0,6.69109e-118,0,0
10, -17.4185,0,0,0,2.99292e-115,0,0
10, -17.1679,0,0,0,1.22795e-112,0,0
10, -16.9173,0,0,0,4.62145e-110,0,0
10, -16.6667,0,0,0,1.59559e-107,0,0
10, -16.416,0,0,0,5.05403e-105,0,0
10, -16.1654,0,0,0,1.46881e-102,0,0
10, -15.9148,0,0,0,3.91691e-100,0,0
10, -15.6642,0,0,0,9.58541e-98,0,0
10, -15.4135,0,0,0,2.15285e-95,0,0
10, -15.1629,0,0,0,4.43814e-93,6.96633e-322,-6.44262e-321
10, -14.9123,0,0,0,8.39896e-91,5.63832e-317,-5.21528e-316
10, -14.6617,0,0,0,1.4593e-88,4.19761e-312,-3.88266e-311
10, -14.411,0,0,0,2.32822e-86,2.86442e-307,-2.6495e-306
10, -14.1604,0,0,0,3.41135e-84,1.79166e-302,-1.65722e-301
10, -13.9098,0,0,0,4.59124e-82,1.0272e-297,-9.50121e-297
10, -13.6591,0,0,0,5.6769e-80,5.39804e-293,-4.99298e-292
10, -13.4085,0,0,0,6.44998e-78,2.60016e-288,-2.40505e-287
10, -13.1579,0,0,0,6.7354e-76,1.14801e-283,-1.06187e-282
10, -12.9073,0,0,0,6.46589e-74,4.64597e-279,-4.29732e-278
10, -12.6566,0,0,0,5.70771e-72,1.72341e-274,-1.59407e-273
10, -12.406,0,0,0,4.63427e-70,5.85979e-270,-5.42003e-269
10, -12.1554,0,0,0,3.46189e-68,1.82624e-265,-1.68918e-264
10, -11.9048,0,0,0,2.3801e-66,5.21696e-261,-4.82541e-260
10, -11.6541,0,0,0,1.50652e-64,1.36603e-256,-1.2635e-255
10, -11.4035,0,0,0,8.78228e-63,3.27856e-252,-3.03247e-251
10, -11.1529,0,0,0,4.717e-61,7.21255e-248,-6.67116e-247
10, -10.9023,0,0,0,2.33523e-59,1.45438e-243,-1.3452e-242
10, -10.6516,0,0,0,1.0661e-57,2.68812e-239,-2.48632e-238
10, -10.401,0,0,0,4.49029e-56,4.55409e-235,-4.2122e-234
10, -10.1504,0,0,0,1.74576e-54,7.07191e-231,-6.54099e-230
10, -9.89975,0,0,0,6.26852e-53,1.0066e-226,-9.31022e-226
10, -9.64912,0,0,0,2.08003e-51,1.31327e-222,-1.21467e-221
10, -9.3985,0,0,0,6.38211e-50,1.5705e-218,-1.45258e-217
10, -9.14787,0,0,0,1.81191e-48,1.72149e-214,-1.59222e-213
10, -8.89724,0,0,0,4.76306e-47,1.72962e-210,-1.59974e-209
10, -8.64662,0,0,0,1.1602e-45,1.59287e-206,-1.47325e-205
10, -8.39599,0,0,0,2.62064e-44,1.3446e-202,-1.24362e-201
10, -8.14536,0,0,0,5.49374e-43,1.04037e-198,-9.62235e-198
10, -7.89474,0,0,0,1.06975e-41,7.37846e-195,-6.82427e-194
10, -7.64411,0,0,0,1.93657e-40,4.79651e-191,-4.43623e-190
10, -7.39348,0,0,0,3.26234e-39,2.85803e-187,-2.64335e-186
10, -7.14286,0,0,0,5.11904e-38,1.56096e-183,-1.4437e-182
10, -6.89223,0,0,0,7.48941e-37,7.81445e-180,-7.2274e-179
10, -6.6416,0,0,0,1.02272e-35,3.58581e-176,-3.31642e-175
10, -6.39098,0,0,0,1.30492e-34,1.5082e-172,-1.39489e-171
10, -6.14035,0,0,0,1.55743e-33,5.81451e-169,-5.37764e-168
10, -5.88972,0,0,0,1.7407e-32,2.05471e-165,-1.90032e-164
10, -5.6391,0,0,0,1.82403e-31,6.65531e-162,-6.15522e-161
10, -5.38847,0,0,0,1.79411e-30,1.97592e-158,-1.82744e-157
10, -5.13784,0,0,0,1.65844e-29,5.37717e-155,-4.97309e-154
10, -4.88722,0,0,0,1.4425e-28,1.34128e-151,-1.24048e-150
10, -4.63659,0,0,0,1.18205e-27,3.06668e-148,-2.83622e-147
10, -4.38596,0,0,0,9.13702e-27,6.42686e-145,-5.94387e-144
10, -4.13534,0,0,0,6.67066e-26,1.23456e-141,-1.14178e-140
10, -3.88471,0,0,0,4.60551e-25,2.17374e-138,-2.01038e-137
10, -3.63409,0,0,0,3.01081e-24,3.50821e-135,-3.24457e-134
10, -3.38346,0,0,0,1.86611e-23,5.18974e-132,-4.79976e-131
10, -3.13283,0,0,0,1.09795e-22,7.03702e-129,-6.50825e-128
10, -2.88221,0,0,0,6.14007e-22,8.74609e-126,-8.08895e-125
10, -2.63158,0,0,0,3.26772e-21,9.96372e-123,-9.21517e-122
10, -2.38095,0,0,0,1.65705e-20,1.04043e-119,-9.62272e-119
10, -2.13033,0,0,0,8.01636e-20,9.95827e-117,-9.21034e-116
10, -1.8797,0,0,0,3.70417e-19,8.73653e-114,-8.08047e-113
10, -1.62907,0,0,0,1.63679e-18,7.02548e-111,-6.49803e-110
10, -1.37845,0,0,0,6.92455e-18,5.1784e-108,-4.78973e-107
10, -1.12782,0,0,0,2.8079e-17,3.49863e-105,-3.23611e-104
10, -0.877193,0,0,0,1.09258e-16,2.16662e-102,-2.00411e-101
10, -0.626566,0,0,0,4.08396e-16,1.22984e-99,-1.13763e-98
10, -0.37594,0,0,0,1.46803e-15,6.39879e-97,-5.91928e-96
10, -0.125313,0,0,0,5.08008e-15,3.05161e-94,-2.82306e-93
10, 0.125313,5.88621e-24,0,5.88621e-24,1.69407e-14,1.33396e-91,-1.23412e-90
10, 0.37594,2.50323e-22,0,2.50323e-22,5.44946e-14,5.34491e-89,-4.94514e-88
10, 0.626566,5.37594e-21,0,5.37594e-21,1.69261e-13,1.96299e-86,-1.8163e-85
10, 0.877193,7.77314e-20,0,7.77314e-20,5.08108e-13,6.60815e-84,-6.11478e-83
10, 1.12782,8.51221e-19,0,8.51221e-19,1.47553e-12,2.03903e-81,-1.88696e-80
10, 1.37845,7.52978e-18,0,7.52978e-18,4.1488e-12,5.767e-79,-5.33741e-78
10, 1.62907,5.60415e-17,0,5.60415e-17,1.13046e-11,1.49506e-76,-1.38384e-75
10, 1.8797,3.60931e-16,0,3.60931e-16,2.98756e-11,3.55262e-74,-3.28875e-73
10, 2.13033,2.05326e-15,0,2.05326e-15,7.66404e-11,7.73788e-72,-7.16415e-71
10, 2.38095,1.04804e-14,0,1.04804e-14,1.90996e-10,1.54482e-69,-1.4305e-68
10, 2.63158,4.8594e-14,0,4.8594e-14,4.62755e-10,2.82693e-67,-2.61819e-66
10, 2.88221,2.06726e-13,0,2.06726e-13,1.09084e-09,4.74172e-65,-4.39245e-64
10, 3.13283,8.13554e-13,0,8.13554e-13,2.50363e-09,7.29019e-63,-6.75467e-62
10, 3.38346,2.98231e-12,0,2.98231e-12,5.59861e-09,1.02736e-60,-9.52126e-60
10, 3.63409,1.02433e-11,0,1.02433e-11,1.22063e-08,1.32706e-58,-1.23021e-57
10, 3.88471,3.31315e-11,0,3.31315e-11,2.5964e-08,1.57124e-56,-1.457e-55
10, 4.13534,1.01359e-10,0,1.01359e-10,5.39155e-08,1.70519e-54,-1.58175e-53
10, 4.38596,2.94425e-10,0,2.94425e-10,1.09365e-07,1.69625e-52,-1.57404e-51
10, 4.63659,8.1481e-10,0,8.1481e-10,2.16834e-07,1.54663e-50,-1.43579e-49
10, 4.88722,2.15488e-09,0,2.15488e-09,4.20445e-07,1.2926e-48,-1.20052e-47
10, 5.13784,5.46077e-09,0,5.46077e-09,7.97746e-07,9.9021e-47,-9.20139e-46
10, 5.38847,1.32926e-08,0,1.32926e-08,1.48194e-06,6.95299e-45,-6.46461e-44
10, 5.6391,3.11497e-08,0,3.11497e-08,2.69669e-06,4.47506e-43,-4.16332e-42
10, 5.88972,7.04138e-08,0,7.04138e-08,4.80937e-06,2.64002e-41,-2.45781e-40
10, 6.14035,1.53823e-07,0,1.53823e-07,8.41035e-06,1.42758e-39,-1.33006e-38
10, 6.39098,3.25296e-07,0,3.25296e-07,1.44283e-05,7.07576e-38,-6.59798e-37
10, 6.6416,6.66963e-07,0,6.66963e-07,2.42935e-05,3.21462e-36,-3.00034e-35
10, 6.89223,1.32773e-06,0,1.32773e-06,4.01636e-05,1.33865e-34,-1.25071e-33
10, 7.14286,2.56971e-06,0,2.56971e-06,6.52272e-05,5.10963e-33,-4.77933e-32
10, 7.39348,4.84121e-06,0,4.84121e-06,0.000104102,1.78769e-31,-1.67422e-30
10, 7.64411,8.88832e-06,0,8.88832e-06,0.000163344,5.73296e-30,-5.37644e-29
10, 7.89474,1.59201e-05,0,1.59201e-05,0.000252074,1.68518e-28,-1.58278e-27
10, 8.14536,2.78462e-05,0,2.78462e-05,0.000382734,4.54044e-27,-4.27163e-26
10, 8.39599,4.76088e-05,0,4.76088e-05,0.000571968,1.12132e-25,-1.05687e-24
10, 8.64662,7.96331e-05,0,7.96331e-05,0.000841601,2.53832e-24,-2.39724e-23
10, 8.89724,0.00013042,0,-0.99987,0.00121969,5.26678e-23,-4.98504e-22
10, 9.14787,0.000209306,0,-0.999791,0.00174161,1.00167e-21,-9.50393e-21
10, 9.3985,0.000329402,0,-0.999671,0.00245102,1.74618e-20,-1.66121e-19
10, 9.64912,0.000508724,0,-0.999491,0.00340076,2.79019e-19,-2.66218e-18
10, 9.89975,0.000771505,0,-0.999228,0.00465341,4.08659e-18,-3.91162e-17
10, 10.1504,0.00114966,0,-0.99885,0.00628147,5.48619e-17,-5.26977e-16
10, 10.401,0.00168437,0,-0.998316,0.00836703,6.75092e-16,-6.50959e-15
10, 10.6516,0.00242766,0,-0.997572,0.0110007,7.61444e-15,-7.3732e-14
10, 10.9023,0.00344401,0,-0.996556,0.0142801,7.87218e-14,-7.65794e-13
10, 11.1529,0.00481161,0,-0.995188,0.0183068,7.45992e-13,-7.29351e-12
10, 11.4035,0.00662346,0,-0.993377,0.0231835,6.47972e-12,-6.37009e-11
10, 11.6541,0.0089879,0,-0.991012,0.0290093,5.15894e-11,-5.10217e-10
10, 11.9048,0.0120285,0,-0.987972,0.035875,3.76485e-10,-3.74786e-09
10, 12.1554,0.0158832,0,-0.984117,0.0438577,2.51835e-09,-2.52494e-08
10, 12.406,0.0207025,0,-0.979298,0.0530147,1.54407e-08,-1.56018e-07
10, 12.6566,0.026647,0,-0.973353,0.0633783,8.67765e-08,-8.84262e-07
10, 12.9073,0.0338836,0,-0.966116,0.0749501,4.47011e-07,-4.59715e-06
10, 13.1579,0.0425808,0,-0.957419,0.0876965,2.11065e-06,-2.19242e-05
10, 13.4085,0.0529039,0,-0.947096,0.101545,9.13478e-06,-9.592e-05
10, 13.6591,0.0650083,0,-0.934992,0.116383,3.62378e-05,-0.000385011
10, 13.9098,0.0790339,0,-0.920966,0.132055,0.000131767,-0.00141789
10, 14.1604,0.0950985,0,-0.904902,0.148368,0.000439173,-0.00479119
10, 14.411,0.113291,0,-0.886709,0.16509,0.00134167,-0.0148562
10, 14.6617,0.133668,0,-0.866332,0.181961,0.00375699,-0.0422729
10, 14.9123,0.156247,0,-0.843753,0.198694,0.00964307,-0.110393
10, 15.1629,0.181002,0,-0.818998,0.214988,0.0226868,-0.264587
10, 15.4135,0.207867,0,-0.792133,0.230536,0.0489231,-0.582078
10, 15.6642,0.236728,0,-0.763272,0.245035,0.0967022,-1.17546
10, 15.9148,0.26743,0,-0.73257,0.258196,0.175203,-2.17909
10, 16.1654,0.299777,0,-0.700223,0.269755,0.290957,-3.70865
10, 16.416,0.333539,0,-0.666461,0.27948,0.442893,-5.79504
10, 16.6667,0.368452,0,-0.631548,0.287183,0.617947,-8.31428
10, 16.9173,0.404233,0,-0.595767,0.29272,0.790289,-10.9533
10, 17.1679,0.440579,0,-0.559421,0.296001,0.92641,-13.2507
10, 17.4185,0.47718,0,-0.52282,0.296987,0.995412,-14.7208
10, 17.6692,0.513728,1,-0.486272,0.295695,0.980358,-15.0188
10, 17.9198,0.54992,1,-0.45008,0.292192,0.885012,-14.0724
10, 18.1704,0.585468,1,-0.414532,0.286591,0.732311,-12.1099
10, 18.4211,0.620105,1,-0.379895,0.27905,0.555424,-9.57113
10, 18.6717,0.653592,1,-0.346408,0.269759,0.386132,-6.94767
10, 18.9223,0.685718,1,-0.314282,0.258938,0.246054,-4.63202
10, 19.1729,0.716308,1,-0.283692,0.246827,0.143716,-2.83632
10, 19.4236,0.745218,1,-0.254782,0.233674,0.0769423,-1.5951
10, 19.6742,0.772345,1,-0.227655,0.219736,0.0377578,-0.823868
10, 19.9248,0.797616,1,-0.202384,0.205261,0.0169836,-0.390799
10, 20.1754,0.820995,1,-0.179005,0.19049,0.00700222,-0.17024
10, 20.4261,0.842475,1,-0.157525,0.175649,0.00264621,-0.0681018
10, 20.6767,0.862076,1,-0.137924,0.16094,0.000916632,-0.0250166
10, 20.9273,0.879846,1,-0.120154,0.146546,0.000291037,-0.00843809
10, 21.1779,0.895849,1,-0.104151,0.132621,8.47e-05,-0.00261326
10, 21.4286,0.910171,1,-0.0898292,0.119296,2.25944e-05,-0.000743044
10, 21.6792,0.922906,1,-0.077094,0.106671,5.52461e-06,-0.000193961
10, 21.9298,0.934161,1,-0.0658391,0.0948232,1.23818e-06,-4.64782e-05
10, 22.1805,0.944047,1,-0.055953,0.083805,2.5436e-07,-1.02233e-05
10, 22.4311,0.952679,1,-0.0473212,0.0736458,4.78957e-08,-2.064e-06
10, 22.6817,0.960171,1,-0.0398287,0.0643553,8.2666e-09,-3.8245e-07
10, 22.9323,0.966637,1,-0.0333628,0.0559261,1.30779e-09,-6.50359e-08
10, 23.183,0.972185,1,-0.0278147,0.0483363,1.89642e-10,-1.01488e-08
10, 23.4336,0.976919,1,-0.0230806,0.0415522,2.52064e-11,-1.45323e-09
10, 23.6842,0.980937,1,-0.0190635,0.0355311,3.07093e-12,-1.90932e-10
10, 23.9348,0.984327,1,-0.0156732,0.030224,3.42935e-13,-2.30155e-11
10, 24.1855,0.987173,1,-0.0128272,0.0255773,3.51024e-14,-2.54526e-12
10, 24.4361,0.989549,1,-0.0104507,0.021535,3.29339e-15,-2.5822e-13
10, 24.6867,0.991523,1,-0.00847657,0.0180409,2.83226e-16,-2.40306e-14
10, 24.9373,0.993155,1,-0.00684499,0.0150391,2.23256e-17,-2.05134e-15
10, 25.188,0.994497,1,-0.00550331,0.0124756,1.61309e-18,-1.60613e-16
10, 25.4386,0.995595,1,-0.00440548,0.0102994,1.0683e-19,-1.15339e-17
10, 25.6892,0.996488,1,-0.00351157,0.00846252,6.48504e-21,-7.59636e-19
10, 25.9398,0.997213,1,-0.0027872,0.00692069,3.60839e-22,-4.58823e-20
10, 26.1905,0.997797,1,-0.00220299,0.00563366,1.84034e-23,-2.54143e-21
10, 26.4411,0.998266,1,-0.00173402,0.00456508,8.60326e-25,-1.29089e-22
10, 26.6917,0.998641,1,-0.0013593,0.00368255,3.68648e-26,-6.01262e-24
10, 26.9424,0.998939,1,-0.00106123,0.00295745,1.44791e-27,-2.56793e-25
10, 27.193,0.999175,1,-0.000825207,0.00236472,5.21261e-29,-1.00563e-26
10, 27.4436,0.999361,1,-0.000639133,0.00188261,1.72009e-30,-3.61088e-28
10, 27.6942,0.999507,1,-0.000493076,0.00149239,5.2027e-32,-1.18877e-29
10, 27.9449,0.999621,1,-0.000378921,0.00117807,1.44241e-33,-3.58824e-31
10, 28.1955,0.99971,1,-0.000290079,0.000926077,3.66549e-35,-9.93008e-33
10, 28.4461,0.999779,1,-0.000221225,0.000724995,8.53801e-37,-2.51944e-34
10, 28.6967,0.999832,1,-0.000168082,0.00056527,1.82291e-38,-5.86036e-36
10, 28.9474,0.999873,1,-0.000127232,0.000438968,3.56742e-40,-1.24971e-37
10, 29.198,0.999904,1,-9.59564e-05,0.000339536,6.39921e-42,-2.44313e-39
10, 29.4486,0.999928,1,-7.21065e-05,0.0002616,1.05216e-43,-4.3786e-41
10, 29.6992,0.999946,1,-5.39902e-05,0.000200774,1.58569e-45,-7.19392e-43
10, 29.9499,0.99996,1,-4.02822e-05,0.000153503,2.19047e-47,-1.08351e-44
10, 30.2005,0.99997,1,-2.99492e-05,0.000116919,2.77357e-49,-1.496e-46
10, 30.4511,0.999978,1,-2.21895e-05,8.87224e-05,3.21902e-51,-1.89347e-48
10, 30.7018,0.999984,1,-1.63839e-05,6.70777e-05,3.42444e-53,-2.19688e-50
10, 30.9524,0.999988,1,-1.20563e-05,5.05289e-05,3.33918e-55,-2.33654e-52
10, 31.203,0.999991,1,-8.84193e-06,3.7926e-05,2.98449e-57,-2.27801e-54
10, 31.4536,0.999994,1,-6.46306e-06,2.83654e-05,2.44503e-59,-2.03587e-56
10, 31.7043,0.999995,1,-4.70869e-06,2.11403e-05,1.83603e-61,-1.66783e-58
10, 31.9549,0.999997,1,-3.4194e-06,1.57009e-05,1.26375e-63,-1.25245e-60
10, 32.2055,0.999998,1,-2.47516e-06,1.1621e-05,7.97298e-66,-8.6213e-63
10, 32.4561,0.999998,1,-1.78597e-06,8.57209e-06,4.61067e-68,-5.43983e-65
10, 32.7068,0.999999,1,-1.28463e-06,6.30188e-06,2.44394e-70,-3.14627e-67
10, 32.9574,0.999999,1,-9.21144e-07,4.61754e-06,1.1874e-72,-1.66803e-69
10, 33.208,0.999999,1,-6.58476e-07,3.37229e-06,5.28797e-75,-8.10603e-72
10, 33.4586,1,1,-4.69277e-07,2.45487e-06,2.15855e-77,-3.61082e-74
10, 33.7093,1,1,-3.33432e-07,1.7813e-06,8.07639e-80,-1.47433e-76
10, 33.9599,1,1,-2.36206e-07,1.28845e-06,2.76984e-82,-5.51791e-79
10, 34.2105,1,1,-1.66837e-07,9.29034e-07,8.70714e-85,-1.89297e-81
10, 34.4612,1,1,-1.17496e-07,6.67801e-07,2.50887e-87,-5.95255e-84
10, 34.7118,1,1,-8.25089e-08,4.7855e-07,6.62618e-90,-1.71573e-86
10, 34.9624,1,1,-5.77743e-08,3.41891e-07,1.6041e-92,-4.53296e-89
10, 35.213,1,1,-4.03404e-08,2.43524e-07,3.55943e-95,-1.09774e-91
10, 35.4637,1,1,-2.80885e-08,1.72944e-07,7.23957e-98,-2.43671e-94
10, 35.7143,1,1,-1.95035e-08,1.22458e-07,1.34967e-100,-4.95785e-97
10, 35.9649,1,1,-1.35053e-08,8.64586e-08,2.30634e-103,-9.24625e-100
10, 36.2155,1,1,-9.32648e-09,6.08662e-08,3.61247e-106,-1.5806e-102
10, 36.4662,1,1,-6.42337e-09,4.27274e-08,5.18639e-109,-2.47663e-105
10, 36.7168,1,1,-4.41217e-09,2.99096e-08,6.82511e-112,-3.55699e-108
10, 36.9674,1,1,-3.02272e-09,2.08787e-08,8.23259e-115,-4.68259e-111
10, 37.218,1,1,-2.06543e-09,1.45343e-08,9.10218e-118,-5.6503e-114
10, 37.4687,1,1,-1.40768e-09,1.00902e-08,9.22437e-121,-6.24941e-117
10, 37.7193,1,1,-9.56939e-10,6.98601e-09,8.56862e-124,-6.3356e-120
10, 37.9699,1,1,-6.48883e-10,4.82386e-09,7.2957e-127,-5.88732e-123
10, 38.2206,1,1,-4.38894e-10,3.32207e-09,5.69384e-130,-5.01451e-126
10, 38.4712,1,1,-2.96125e-10,2.28183e-09,4.07311e-133,-3.91489e-129
10, 38.7218,1,1,-1.99307e-10,1.56325e-09,2.67073e-136,-2.80151e-132
10, 38.9724,1,1,-1.33818e-10,1.06821e-09,1.60515e-139,-1.83757e-135
10, 39.2231,1,1,-8.96301e-11,7.28079e-10,8.84268e-143,-1.10478e-138
10, 39.4737,1,1,-5.98901e-11,4.95e-10,4.46514e-146,-6.08822e-142
10, 39.7243,1,1,-3.99232e-11,3.35697e-10,2.06665e-149,-3.07527e-145
10, 39.9749,1,1,-2.65504e-11,2.27099e-10,8.76765e-153,-1.42382e-148
10, 40.2256,1,1,-1.76158e-11,1.53257e-10,3.40942e-156,-6.0424e-152
10, 40.4762,1,1,-1.16605e-11,1.03175e-10,1.21524e-159,-2.3504e-155
10, 40.7268,1,1,-7.70051e-12,6.92919e-11,3.9703e-163,-8.38023e-159
10, 40.9774,1,1,-5.0735e-12,4.64257e-11,1.18896e-166,-2.73873e-162
10, 41.2281,1,1,-3.33478e-12,3.10322e-11,3.26359e-170,-8.20393e-166
10, 41.4787,1,1,-2.1867e-12,2.06944e-11,8.21119e-174,-2.25255e-169
10, 41.7293,1,1,-1.43041e-12,1.37686e-11,1.89364e-177,-5.66901e-173
10, 41.9799,1,1,-9.33253e-13,9.13969e-12,4.00288e-181,-1.30773e-176
10, 42.2306,1,1,-6.07181e-13,6.05326e-12,7.75586e-185,-2.76511e-180
10, 42.4812,1,1,-3.93796e-13,4.00011e-12,1.37743e-188,-5.35901e-184
10, 42.7318,1,1,-2.54685e-13,2.63747e-12,2.24229e-192,-9.51999e-188
10, 42.9825,1,1,-1.64091e-13,1.73518e-12,3.34576e-196,-1.55013e-191
10, 43.2331,1,1,-1.05249e-13,1.13908e-12,4.57596e-200,-2.31356e-195
10, 43.4837,1,1,-6.70575e-14,7.46148e-13,5.73655e-204,-3.165e-199
10, 43.7343,1,1,-4.24105e-14,4.87712e-13,6.59177e-208,-3.96867e-203
10, 43.985,1,1,-2.65343e-14,3.18111e-13,6.94282e-212,-4.56139e-207
10, 44.2356,1,1,-1.64313e-14,2.07052e-13,6.70274e-216,-4.8054e-211
10, 44.4862,1,1,-9.99201e-15,1.34485e-13,5.93131e-220,-4.64026e-215
10, 44.7368,1,1,-5.88418e-15,8.71707e-14,4.81096e-224,-4.1071e-219
10, 44.9875,1,1,-3.21965e-15,5.63868e-14,3.57681e-228,-3.33202e-223
10, 45.2381,1,1,-1.77636e-15,3.64e-14,2.43748e-232,-2.47777e-227
10, 45.4887,1,1,-7.77156e-16,2.34505e-14,1.52254e-236,-1.68886e-231
10, 45.7393,1,1,-2.22045e-16,1.50777e-14,8.71726e-241,-1.05513e-235
10, 45.99,1,1,0,9.67518e-15,4.57481e-245,-6.04228e-240
10, 46.2406,1,1,0,6.19629e-15,2.20064e-249,-3.17158e-244
10, 46.4912,1,1,0,3.9606e-15,9.703e-254,-1.52591e-248
10, 46.7419,1,1,0,2.5267e-15,3.92145e-258,-6.72923e-253
10, 46.9925,1,1,0,1.60885e-15,1.45268e-262,-2.72008e-257
10, 47.2431,1,1,0,1.02248e-15,4.93258e-267,-1.00781e-261
10, 47.4937,1,1,0,6.48606e-16,1.53519e-271,-3.42258e-266
10, 47.7444,1,1,0,4.10674e-16,4.37957e-276,-1.0654e-270
10, 47.995,1,1,0,2.59545e-16,1.1452e-280,-3.03983e-275
10, 48.2456,1,1,0,1.63732e-16,2.74484e-285,-7.95002e-280
10, 48.4962,1,1,0,1.03102e-16,6.03024e-290,-1.90576e-284
10, 48.7469,1,1,0,6.48062e-17,1.21432e-294,-4.18743e-289
10, 48.9975,1,1,0,4.06624e-17,2.24138e-299,-8.43352e-294
10, 49.2481,1,1,0,2.54683e-17,3.7921e-304,-1.55686e-298
10, 49.4987,1,1,0,1.59238e-17,5.88067e-309,-2.63435e-303
10, 49.7494,1,1,0,9.93885e-18,8.35903e-314,-4.0858e-308
10, 50,1,1,0,6.19265e-18,1.0891e-318,-5.80847e-313
