Time step, X values, Set 1 Solution, Set 1 Analytical, Set 1 Error, Set 2 Solution, Set 2 Analytical, Set 2 Error
5, -50,0,0,0,0,0,0
5, -49.7494,0,0,0,0,0,0
5, -49.4987,0,0,0,0,0,0
5, -49.2481,0,0,0,0,0,0
5, -48.9975,0,0,0,0,0,0
5, -48.7469,0,0,0,0,0,0
5, -48.4962,0,0,0,0,0,0
5, -48.2456,0,0,0,0,0,0
5, -47.995,0,0,0,0,0,0
5, -47.7444,0,0,0,0,0,0
5, -47.4937,0,0,0,0,0,0
5, -47.2431,0,0,0,0,0,0
5, -46.9925,0,0,0,0,0,0
5, -46.7419,0,0,0,0,0,0
5, -46.4912,0,0,0,0,0,0
5, -46.2406,0,0,0,0,0,0
5, -45.99,0,0,0,0,0,0
5, -45.7393,0,0,0,0,0,0
5, -45.4887,0,0,0,0,0,0
5, -45.2381,0,0,0,0,0,0
5, -44.9875,0,0,0,0,0,0
5, -44.7368,0,0,0,0,0,0
5, -44.4862,0,0,0,0,0,0
5, -44.2356,0,0,0,0,0,0
5, -43.985,0,0,0,0,0,0
5, -43.7343,0,0,0,0,0,0
5, -43.4837,0,0,0,0,0,0
5, -43.2331,0,0,0,0,0,0
5, -42.9825,0,0,0,0,0,0
5, -42.7318,0,0,0,0,0,0
5, -42.4812,0,0,0,1.27632e-319,0,1.27632e-319
5, -42.2306,0,0,0,4.03615e-315,0,4.03615e-315
5, -41.9799,0,0,0,1.16988e-310,0,1.16988e-310
5, -41.7293,0,0,0,3.10791e-306,0,3.10791e-306
5, -41.4787,0,0,0,7.56742e-302,0,7.56742e-302
5, -41.2281,0,0,0,1.6888e-297,0,1.6888e-297
5, -40.9774,0,0,0,3.45424e-293,0,3.45424e-293
5, -40.7268,0,0,0,6.47548e-289,0,6.47548e-289
5, -40.4762,0,0,0,1.11258e-284,0,1.11258e-284
5, -40.2256,0,0,0,1.75196e-280,0,1.75196e-280
5, -39.9749,0,0,0,2.52842e-276,0,2.52842e-276
5, -39.7243,0,0,0,3.34428e-272,0,3.34428e-272
5, -39.4737,0,0,0,4.05393e-268,0,4.05393e-268
5, -39.2231,0,0,0,4.50367e-264,0,4.50367e-264
5, -38.9724,0,0,0,4.58529e-260,0,4.58529e-260
5, -38.7218,0,0,0,4.27829e-256,0,4.27829e-256
5, -38.4712,0,0,0,3.65822e-252,0,3.65822e-252
5, -38.2206,0,0,0,2.86654e-248,0,2.86654e-248
5, -37.9699,0,0,0,2.05838e-244,0,2.05838e-244
5, -37.7193,0,0,0,1.35445e-240,0,1.35445e-240
5, -37.4687,0,0,0,8.16697e-237,0,8.16697e-237
5, -37.218,0,0,0,4.5124e-233,0,4.5124e-233
5, -36.9674,0,0,0,2.2845e-229,0,2.2845e-229
5, -36.7168,0,0,0,1.05973e-225,0,1.05973e-225
5, -36.4662,0,0,0,4.50414e-222,0,4.50414e-222
5, -36.2155,0,0,0,1.75395e-218,0,1.75395e-218
5, -35.9649,0,0,0,6.25749e-215,0,6.25749e-215
5, -35.7143,0,0,0,2.04521e-211,0,2.04521e-211
5, -35.4637,0,0,0,6.12363e-208,0,6.12363e-208
5, -35.213,0,0,0,1.67955e-204,0,1.67955e-204
5, -34.9624,0,0,0,4.21952e-201,0,4.21952e-201
5, -34.7118,0,0,0,9.7094e-198,0,9.7094e-198
5, -34.4612,0,0,0,2.04621e-194,0,2.04621e-194
5, -34.2105,0,0,0,3.94916e-191,0,3.94916e-191
5, -33.9599,0,0,0,6.97942e-188,0,6.97942e-188
5, -33.7093,0,0,0,1.12941e-184,0,1.12941e-184
5, -33.4586,0,0,0,1.67326e-181,0,1.67326e-181
5, -33.208,0,0,0,2.26936e-178,0,2.26936e-178
5, -32.9574,0,0,0,2.81722e-175,0,2.81722e-175
5, -32.7068,0,0,0,3.20078e-172,0,3.20078e-172
5, -32.4561,0,0,0,3.32772e-169,0,3.32772e-169
5, -32.2055,0,0,0,3.16537e-166,0,3.16537e-166
5, -31.9549,0,0,0,2.75429e-163,0,2.75429e-163
5, -31.7043,0,0,0,2.1919e-160,0,2.1919e-160
5, -31.4536,0,0,0,1.59501e-157,0,1.59501e-157
5, -31.203,0,0,0,1.06104e-154,0,1.06104e-154
5, -30.9524,0,0,0,6.45086e-152,0,6.45086e-152
5, -30.7018,0,0,0,3.58336e-149,0,3.58336e-149
5, -30.4511,0,0,0,1.81807e-146,0,1.81807e-146
5, -30.2005,0,0,0,8.42214e-144,0,8.42214e-144
5, -29.9499,0,0,0,3.56085e-141,0,3.56085e-141
5, -29.6992,0,0,0,1.37344e-138,0,1.37344e-138
5, -29.4486,0,0,0,4.83031e-136,0,4.83031e-136
5, -29.198,0,0,0,1.54813e-133,0,1.54813e-133
5, -28.9474,0,0,0,4.51892e-131,0,4.51892e-131
5, -28.6967,0,0,0,1.20046e-128,0,1.20046e-128
5, -28.4461,0,0,0,2.90002e-126,0,2.90002e-126
5, -28.1955,0,0,0,6.36497e-124,0,6.36497e-124
5, -27.9449,0,0,0,1.26789e-121,0,1.26789e-121
5, -27.6942,0,0,0,2.28947e-119,0,2.28947e-119
5, -27.4436,0,0,0,3.74242e-117,0,3.74242e-117
5, -27.193,0,0,0,5.52884e-115,0,5.52884e-115
5, -26.9424,0,0,0,7.368e-113,0,7.368e-113
5, -26.6917,0,0,0,8.8372e-111,0,8.8372e-111
5, -26.4411,0,0,0,9.51352e-109,0,9.51352e-109
5, -26.1905,0,0,0,9.16165e-107,0,9.16165e-107
5, -25.9398,0,0,0,7.8595e-105,0,7.8595e-105
5, -25.6892,0,0,0,5.97417e-103,0,5.97417e-103
5, -25.4386,0,0,0,3.99525e-101,0,3.99525e-101
5, -25.188,0,0,0,2.32782e-99,0,2.32782e-99
5, -24.9373,0,0,0,1.16489e-97,0,1.16489e-97
5, -24.6867,0,0,0,4.89397e-96,0,4.89397e-96
5, -24.4361,0,0,0,1.65604e-94,0,1.65604e-94
5, -24.1855,0,0,0,4.10221e-93,0,4.10221e-93
5, -23.9348,0,0,0,5.06488e-92,2.56914e-322,5.06488e-92
5, -23.6842,0,0,0,-1.15507e-90,2.10409e-317,-1.15507e-90
5, -23.4336,0,0,0,-8.37405e-89,1.57843e-312,-8.37405e-89
5, -23.183,0,0,0,-2.15252e-87,1.08535e-307,-2.15252e-87
5, -22.9323,0,0,0,-1.37953e-86,6.84062e-303,-1.37953e-86
5, -22.6817,0,0,0,9.24057e-85,3.95188e-298,9.24057e-85
5, -22.4311,0,0,0,3.20676e-83,2.09264e-293,3.20676e-83
5, -22.1805,0,0,0,2.61209e-82,1.01571e-288,2.61209e-82
5, -21.9298,0,0,0,-1.0467e-80,4.51881e-284,-1.0467e-80
5, -21.6792,0,0,0,-3.21201e-79,1.84273e-279,-3.21201e-79
5, -21.4286,0,0,0,-9.41768e-79,6.88784e-275,-9.41768e-79
5, -21.1779,0,0,0,1.16052e-76,2.35986e-270,1.16052e-76
5, -20.9273,0,0,0,1.94842e-75,7.41092e-266,1.94842e-75
5, -20.6767,0,0,0,-1.73168e-74,2.13324e-261,-1.73168e-74
5, -20.4261,0,0,0,-8.34836e-73,5.62847e-257,-8.34836e-73
5, -20.1754,0,0,0,-2.72002e-72,1.3612e-252,-2.72002e-72
5, -19.9248,0,0,0,2.18786e-70,3.01743e-248,2.18786e-70
5, -19.6742,0,0,0,2.39993e-69,6.13106e-244,2.39993e-69
5, -19.4236,0,0,0,-3.95179e-68,1.14187e-239,-3.95179e-68
5, -19.1729,0,0,0,-8.03462e-67,1.94929e-235,-8.03462e-67
5, -18.9223,0,0,0,4.67097e-66,3.05016e-231,4.67097e-66
5, -18.6717,0,0,0,1.88743e-64,4.37471e-227,1.88743e-64
5, -18.4211,0,0,0,-1.79122e-64,5.7512e-223,-1.79122e-64
5, -18.1704,0,0,0,-3.52504e-62,6.93028e-219,-3.52504e-62
5, -17.9198,0,0,0,-7.09222e-62,7.65464e-215,-7.09222e-62
5, -17.6692,0,0,0,5.52282e-60,7.74964e-211,5.52282e-60
5, -17.4185,0,0,0,2.22503e-59,7.19152e-207,2.22503e-59
5, -17.1679,0,0,0,-7.47851e-58,6.11705e-203,-7.47851e-58
5, -16.9173,0,0,0,-4.06746e-57,4.76921e-199,-4.06746e-57
5, -16.6667,0,0,0,8.93165e-56,3.40826e-195,8.93165e-56
5, -16.416,0,0,0,5.66793e-55,2.23255e-191,5.66793e-55
5, -16.1654,0,0,0,-9.5068e-54,1.34045e-187,-9.5068e-54
5, -15.9148,0,0,0,-6.50656e-53,7.3771e-184,-6.50656e-53
5, -15.6642,0,0,0,9.0958e-52,3.72136e-180,9.0958e-52
5, -15.4135,0,0,0,6.33766e-51,1.72068e-176,6.33766e-51
5, -15.1629,0,0,0,-7.83385e-50,7.29257e-173,-7.83385e-50
5, -14.9123,0,0,0,-5.33769e-49,2.83298e-169,-5.33769e-49
5, -14.6617,0,0,0,6.07533e-48,1.00876e-165,6.07533e-48
5, -14.411,0,0,0,3.93362e-47,3.29243e-162,3.93362e-47
5, -14.1604,0,0,0,-4.23964e-46,9.84979e-159,-4.23964e-46
5, -13.9098,0,0,0,-2.5565e-45,2.70097e-155,-2.5565e-45
5, -13.6591,0,0,0,2.65496e-44,6.78883e-152,2.65496e-44
5, -13.4085,0,0,0,1.4794e-43,1.56406e-148,1.4794e-43
5, -13.1579,0,0,0,-1.49117e-42,3.30287e-145,-1.49117e-42
5, -12.9073,0,0,0,-7.67981e-42,6.39314e-142,-7.67981e-42
5, -12.6566,0,0,0,7.5023e-41,1.13428e-138,7.5023e-41
5, -12.406,1.35335e-49,0,1.35335e-49,3.60866e-40,1.84462e-135,3.60866e-40
5, -12.1554,-3.27803e-47,0,-3.27803e-47,-3.38096e-39,2.74964e-132,-3.38096e-39
5, -11.9048,3.85187e-45,0,3.85187e-45,-1.54748e-38,3.75688e-129,-1.54748e-38
5, -11.6541,-2.92373e-43,0,-2.92373e-43,1.36454e-37,4.70502e-126,1.36454e-37
5, -11.4035,1.61029e-41,0,1.61029e-41,6.10118e-37,5.40105e-123,6.10118e-37
5, -11.1529,-6.85268e-40,0,-6.85268e-40,-4.92991e-36,5.68299e-120,-4.92991e-36
5, -10.9023,2.3426e-38,0,2.3426e-38,-2.22341e-35,5.48099e-117,-2.22341e-35
5, -10.6516,-6.6022e-37,0,-6.6022e-37,1.59188e-34,4.84532e-114,1.59188e-34
5, -10.401,1.56197e-35,0,1.56197e-35,7.50726e-34,3.92617e-111,7.50726e-34
5, -10.1504,-3.14177e-34,0,-3.14177e-34,-4.5767e-33,2.91607e-108,-4.5767e-33
5, -9.89975,5.42024e-33,0,5.42024e-33,-2.3467e-32,1.98522e-105,-2.3467e-32
5, -9.64912,-8.06573e-32,0,-8.06573e-32,1.16243e-31,1.2388e-102,1.16243e-31
5, -9.3985,1.03809e-30,0,1.03809e-30,6.76632e-31,7.08562e-100,6.76632e-31
5, -9.14787,-1.15525e-29,0,-1.15525e-29,-2.56785e-30,3.7148e-97,-2.56785e-30
5, -8.89724,1.10731e-28,0,1.10731e-28,-1.78895e-29,1.78516e-94,-1.78895e-29
5, -8.64662,-9.05861e-28,0,-9.05861e-28,4.77325e-29,7.86321e-92,4.77325e-29
5, -8.39599,6.21221e-27,0,6.21221e-27,4.3039e-28,3.17472e-89,4.3039e-28
5, -8.14536,-3.44298e-26,0,-3.44298e-26,-6.86089e-28,1.17488e-86,-6.86089e-28
5, -7.89474,1.41062e-25,0,1.41062e-25,-9.3325e-27,3.98532e-84,-9.3325e-27
5, -7.64411,-2.97453e-25,0,-2.97453e-25,5.29081e-27,1.23913e-81,5.29081e-27
5, -7.39348,-1.04064e-24,0,-1.04064e-24,1.80142e-25,3.53143e-79,1.80142e-25
5, -7.14286,1.3643e-23,0,1.3643e-23,8.06227e-26,9.22504e-77,8.06227e-26
5, -6.89223,-6.52995e-23,0,-6.52995e-23,-3.04015e-24,2.20886e-74,-3.04015e-24
5, -6.6416,1.1833e-22,0,1.1833e-22,-4.63167e-24,4.84786e-72,-4.63167e-24
5, -6.39098,5.57385e-22,0,5.57385e-22,4.35107e-23,9.75248e-70,4.35107e-23
5, -6.14035,-4.84682e-21,0,-4.84682e-21,1.22949e-22,1.7983e-67,1.22949e-22
5, -5.88972,1.32069e-20,0,1.32069e-20,-4.95131e-22,3.03942e-65,-4.95131e-22
5, -5.6391,1.96316e-20,0,1.96316e-20,-2.3943e-21,4.70872e-63,-2.3943e-21
5, -5.38847,-2.74571e-19,0,-2.74571e-19,3.64839e-21,6.68648e-61,3.64839e-21
5, -5.13784,7.20063e-19,0,7.20063e-19,3.68611e-20,8.7031e-59,3.68611e-20
5, -4.88722,1.30717e-18,0,1.30717e-18,5.64307e-21,1.03832e-56,5.64307e-21
5, -4.63659,-1.33561e-17,0,-1.33561e-17,-4.47771e-19,1.13547e-54,-4.47771e-19
5, -4.38596,2.1766e-17,0,2.1766e-17,-7.44711e-19,1.13815e-52,-7.44711e-19
5, -4.13534,1.0113e-16,0,1.0113e-16,4.0019e-18,1.04569e-50,4.0019e-18
5, -3.88471,-4.87231e-16,0,-4.87231e-16,1.46907e-17,8.80629e-49,1.46907e-17
5, -3.63409,-3.39419e-17,0,-3.39419e-17,-1.8905e-17,6.79773e-47,-1.8905e-17
5, -3.38346,5.11805e-15,0,5.11805e-15,-1.84436e-16,4.8097e-45,-1.84436e-16
5, -3.13283,-8.84611e-15,0,-8.84611e-15,-1.28184e-16,3.11927e-43,-1.28184e-16
5, -2.88221,-3.44427e-14,0,-3.44427e-14,1.56402e-15,1.85426e-41,1.56402e-15
5, -2.63158,1.30822e-13,0,1.30822e-13,4.02331e-15,1.01035e-39,4.02331e-15
5, -2.38095,1.33039e-13,0,1.33039e-13,-6.78775e-15,5.04609e-38,-6.78775e-15
5, -2.13033,-1.25341e-12,0,-1.25341e-12,-4.8086e-14,2.31005e-36,-4.8086e-14
5, -1.8797,1.73924e-13,0,1.73924e-13,-3.44702e-14,9.69323e-35,-3.44702e-14
5, -1.62907,9.58857e-12,0,9.58857e-12,3.28097e-13,3.7282e-33,3.28097e-13
5, -1.37845,-8.28612e-12,0,-8.28612e-12,9.266e-13,1.31435e-31,9.266e-13
5, -1.12782,-6.38082e-11,0,-6.38082e-11,-6.53678e-13,4.24723e-30,-6.53678e-13
5, -0.877193,8.8016e-11,0,8.8016e-11,-8.25742e-12,1.25801e-28,-8.25742e-12
5, -0.626566,3.9083e-10,0,3.9083e-10,-1.254e-11,3.41541e-27,-1.254e-11
5, -0.37594,-6.62507e-10,0,-6.62507e-10,3.11482e-11,8.49935e-26,3.11482e-11
5, -0.125313,-2.29673e-09,0,-2.29673e-09,1.52132e-10,1.9387e-24,1.52132e-10
5, 0.125313,4.02757e-09,0,4.02757e-09,1.28274e-10,4.05338e-23,1.28274e-10
5, 0.37594,1.3225e-08,0,1.3225e-08,-6.83032e-10,7.76795e-22,-6.83032e-10
5, 0.626566,-2.01388e-08,0,-2.01388e-08,-2.32654e-09,1.36452e-20,-2.32654e-09
5, 0.877193,-7.41196e-08,0,-7.41196e-08,-1.22345e-09,2.19701e-19,-1.22345e-09
5, 1.12782,7.8201e-08,0,7.8201e-08,1.06369e-08,3.24242e-18,1.06369e-08
5, 1.37845,3.91701e-07,0,3.91701e-07,3.17184e-08,4.3862e-17,3.17184e-08
5, 1.62907,-1.7632e-07,0,-1.7632e-07,1.72313e-08,5.43863e-16,1.72313e-08
5, 1.8797,-1.8601e-06,0,-1.8601e-06,-1.25775e-07,6.18121e-15,-1.25775e-07
5, 2.13033,-4.23415e-07,0,-4.23415e-07,-3.92363e-07,6.43931e-14,-3.92363e-07
5, 2.38095,7.43063e-06,0,7.43063e-06,-3.38234e-07,6.14877e-13,-3.38235e-07
5, 2.63158,7.50134e-06,0,7.50134e-06,1.04374e-06,5.3817e-12,1.04374e-06
5, 2.88221,-2.21522e-05,0,-2.21522e-05,4.17979e-06,4.3175e-11,4.17975e-06
5, 3.13283,-4.80006e-05,0,-4.80006e-05,5.85632e-06,3.17489e-10,5.856e-06
5, 3.38346,3.1363e-05,0,3.1363e-05,-3.29586e-06,2.13996e-09,-3.298e-06
5, 3.63409,0.000196155,0,0.000196155,-3.32348e-05,1.32211e-08,-3.3248e-05
5, 3.88471,0.000114555,0,0.000114555,-7.2875e-05,7.48704e-08,-7.29499e-05
5, 4.13534,-0.000481537,0,-0.000481537,-5.92735e-05,3.88629e-07,-5.96622e-05
5, 4.38596,-0.000934068,0,-0.000934068,0.000123239,1.84903e-06,0.00012139
5, 4.63659,0.000193023,0,0.000193023,0.000549592,8.06368e-06,0.000541529
5, 4.88722,0.0028413,0,0.0028413,0.00103494,3.22334e-05,0.0010027
5, 5.13784,0.00343807,0,0.00343807,0.000889544,0.000118103,0.000771441
5, 5.38847,-0.00225183,0,-0.00225183,-0.00106592,0.000396642,-0.00146256
5, 5.6391,-0.0117238,0,-0.0117238,-0.00585159,0.00122101,-0.00707259
5, 5.88972,-0.012888,0,-0.012888,-0.0128821,0.00344525,-0.0163274
5, 6.14035,0.00552275,0,0.00552275,-0.0181171,0.00891056,-0.0270276
5, 6.39098,0.0365391,0,0.0365391,-0.0128574,0.0211238,-0.0339812
5, 6.6416,0.0507209,0,0.0507209,0.0155086,0.0459009,-0.0303923
5, 6.89223,0.0173391,0,0.0173391,0.0800887,0.0914225,-0.0113338
5, 7.14286,-0.0634277,0,-0.0634277,0.189034,0.166904,0.0221297
5, 7.39348,-0.147977,0,-0.147977,0.340151,0.279295,0.0608559
5, 7.64411,-0.172061,0,-0.172061,0.518286,0.428393,0.0898929
5, 7.89474,-0.0920833,0,-0.0920833,0.697335,0.602288,0.095047
5, 8.14536,0.0880506,0,0.0880506,0.846727,0.776154,0.070573
5, 8.39599,0.322834,0,0.322834,0.940073,0.916799,0.0232745
5, 8.64662,0.554259,0,0.554259,0.962605,0.992619,-0.0300136
5, 8.89724,0.740275,1,-0.259725,0.914618,0.985085,-0.0704665
5, 9.14787,0.866203,1,-0.133797,0.809978,0.89608,-0.0861023
5, 9.3985,0.939175,1,-0.0608246,0.670838,0.747141,-0.0763031
5, 9.64912,0.975667,1,-0.0243326,0.520971,0.571006,-0.0500352
5, 9.89975,0.991469,1,-0.00853068,0.380155,0.400001,-0.0198466
5, 10.1504,0.997394,1,-0.00260603,0.261081,0.256841,0.00424
5, 10.401,0.999312,1,-0.000688356,0.168979,0.151164,0.0178148
5, 10.6516,0.999844,1,-0.000155594,0.10318,0.0815488,0.0216314
5, 10.9023,0.99997,1,-2.96814e-05,0.0594885,0.0403244,0.0191641
5, 11.1529,0.999995,1,-4.68887e-06,0.0324068,0.0182768,0.01413
5, 11.4035,0.999999,1,-5.97265e-07,0.016689,0.00759303,0.00909602
5, 11.6541,1,1,-5.89732e-08,0.00812815,0.00289143,0.00523672
5, 11.9048,1,1,-4.23691e-09,0.00374489,0.00100923,0.00273565
5, 12.1554,1,1,-1.97106e-10,0.0016325,0.00032289,0.00130961
5, 12.406,1,1,-4.45788e-12,0.0006734,9.46888e-05,0.000578711
5, 12.6566,1,1,0,0.000262851,2.54522e-05,0.000237399
5, 12.9073,1,1,0,9.70815e-05,6.27098e-06,9.08105e-05
5, 13.1579,1,1,0,3.39236e-05,1.41621e-06,3.25074e-05
5, 13.4085,1,1,0,1.12131e-05,2.93157e-07,1.09199e-05
5, 13.6591,1,1,0,3.50514e-06,5.56234e-08,3.44952e-06
5, 13.9098,1,1,0,1.03589e-06,9.67379e-09,1.02622e-06
5, 14.1604,1,1,0,2.89337e-07,1.54212e-09,2.87795e-07
5, 14.411,1,1,0,7.63498e-08,2.25331e-10,7.61244e-08
5, 14.6617,1,1,0,1.90256e-08,3.01792e-11,1.89954e-08
5, 14.9123,1,1,0,4.47499e-09,3.7049e-12,4.47129e-09
5, 15.1629,1,1,0,9.92997e-10,4.16895e-13,9.9258e-10
5, 15.4135,1,1,0,2.07764e-10,4.29992e-14,2.07721e-10
5, 15.6642,1,1,0,4.09642e-11,4.06515e-15,4.09602e-11
5, 15.9148,1,1,0,7.60659e-12,3.52269e-16,7.60624e-12
5, 16.1654,1,1,0,1.32937e-12,2.79805e-17,1.32935e-12
5, 16.416,1,1,0,2.18518e-13,2.03713e-18,2.18516e-13
5, 16.6667,1,1,0,3.37606e-14,1.35945e-19,3.37604e-14
5, 16.9173,1,1,0,4.89898e-15,8.31555e-21,4.89897e-15
5, 17.1679,1,1,0,6.67201e-16,4.66231e-22,6.67201e-16
5, 17.4185,1,1,0,8.52192e-17,2.39604e-23,8.52191e-17
5, 17.6692,1,1,0,1.02004e-17,1.12867e-24,1.02004e-17
5, 17.9198,1,1,0,1.14328e-18,4.87333e-26,1.14328e-18
5, 18.1704,1,1,0,1.19898e-19,1.9287e-27,1.19898e-19
5, 18.4211,1,1,0,1.17556e-20,6.99661e-29,1.17556e-20
5, 18.6717,1,1,0,1.07674e-21,2.32644e-30,1.07674e-21
5, 18.9223,1,1,0,9.20578e-23,7.09053e-32,9.20578e-23
5, 19.1729,1,1,0,7.34093e-24,1.98084e-33,7.34093e-24
5, 19.4236,1,1,0,5.45557e-25,5.07224e-35,5.45557e-25
5, 19.6742,1,1,0,3.77561e-26,1.19051e-36,3.77561e-26
5, 19.9248,1,1,0,2.43142e-27,2.56124e-38,2.43142e-27
5, 20.1754,1,1,0,1.45588e-28,5.05068e-40,1.45588e-28
5, 20.4261,1,1,0,8.09963e-30,9.12916e-42,8.09963e-30
5, 20.6767,1,1,0,4.18369e-31,1.5125e-43,4.18369e-31
5, 20.9273,1,1,0,2.00495e-32,2.29689e-45,2.00495e-32
5, 21.1779,1,1,0,8.90836e-34,3.1972e-47,8.90836e-34
5, 21.4286,1,1,0,3.66735e-35,4.07925e-49,3.66735e-35
5, 21.6792,1,1,0,1.39794e-36,4.7706e-51,1.39794e-36
5, 21.9298,1,1,0,4.93107e-38,5.11386e-53,4.93107e-38
5, 22.1805,1,1,0,1.6086e-39,5.02467e-55,1.6086e-39
5, 22.4311,1,1,0,4.85025e-41,4.5253e-57,4.85025e-41
5, 22.6817,1,1,0,1.351e-42,3.73569e-59,1.351e-42
5, 22.9323,1,1,0,3.47451e-44,2.82668e-61,3.47451e-44
5, 23.183,1,1,0,8.2465e-46,1.96049e-63,8.2465e-46
5, 23.4336,1,1,0,1.80543e-47,1.24633e-65,1.80543e-47
5, 23.6842,1,1,0,3.64448e-49,7.2625e-68,3.64448e-49
5, 23.9348,1,1,0,6.78038e-51,3.87901e-70,6.78038e-51
5, 24.1855,1,1,0,1.16216e-52,1.89906e-72,1.16216e-52
5, 24.4361,1,1,0,1.83448e-54,8.52193e-75,1.83448e-54
5, 24.6867,1,1,0,2.66592e-56,3.50526e-77,2.66592e-56
5, 24.9373,1,1,0,3.56553e-58,1.32155e-79,3.56553e-58
5, 25.188,1,1,0,4.38748e-60,4.56701e-82,4.38748e-60
5, 25.4386,1,1,0,4.96591e-62,1.44664e-84,4.96591e-62
5, 25.6892,1,1,0,5.16843e-64,4.20022e-87,5.16843e-64
5, 25.9398,1,1,0,4.94527e-66,1.11781e-89,4.94527e-66
5, 26.1905,1,1,0,4.34903e-68,2.72674e-92,4.34903e-68
5, 26.4411,1,1,0,3.5146e-70,6.0968e-95,3.5146e-70
5, 26.6917,1,1,0,2.60947e-72,1.24952e-97,2.60947e-72
5, 26.9424,1,1,0,1.7797e-74,2.34729e-100,1.7797e-74
5, 27.193,1,1,0,1.11476e-76,4.04178e-103,1.11476e-76
5, 27.4436,1,1,0,6.41195e-79,6.37913e-106,6.41195e-79
5, 27.6942,1,1,0,3.38619e-81,9.22853e-109,3.38619e-81
5, 27.9449,1,1,0,1.64167e-83,1.22373e-111,1.64167e-83
5, 28.1955,1,1,0,7.30565e-86,1.48738e-114,7.30565e-86
5, 28.4461,1,1,0,2.98389e-88,1.65706e-117,2.98389e-88
5, 28.6967,1,1,0,1.11844e-90,1.69215e-120,1.11844e-90
5, 28.9474,1,1,0,3.84682e-93,1.58388e-123,3.84682e-93
5, 29.198,1,1,0,1.21399e-95,1.3589e-126,1.21399e-95
5, 29.4486,1,1,0,3.51494e-98,1.06865e-129,3.51494e-98
5, 29.6992,1,1,0,9.33628e-101,7.7031e-133,9.33628e-101
5, 29.9499,1,1,0,2.27486e-103,5.08954e-136,2.27486e-103
5, 30.2005,1,1,0,5.08431e-106,3.08229e-139,5.08431e-106
5, 30.4511,1,1,0,1.04227e-108,1.711e-142,1.04227e-108
5, 30.7018,1,1,0,1.95964e-111,8.70583e-146,1.95964e-111
5, 30.9524,1,1,0,3.37906e-114,4.06024e-149,3.37906e-114
5, 31.203,1,1,0,5.34346e-117,1.73571e-152,5.34346e-117
5, 31.4536,1,1,0,7.74883e-120,6.80117e-156,7.74883e-120
5, 31.7043,1,1,0,1.03043e-122,2.44271e-159,1.03043e-122
5, 31.9549,1,1,0,1.25649e-125,8.04163e-163,1.25649e-125
5, 32.2055,1,1,0,1.40487e-128,2.4266e-166,1.40487e-128
5, 32.4561,1,1,0,1.44027e-131,6.71174e-170,1.44027e-131
5, 32.7068,1,1,0,1.35384e-134,1.70159e-173,1.35384e-134
5, 32.9574,1,1,0,1.16679e-137,3.95417e-177,1.16679e-137
5, 33.208,1,1,0,9.21963e-141,8.42245e-181,9.21963e-141
5, 33.4586,1,1,0,6.67912e-144,1.64439e-184,6.67912e-144
5, 33.7093,1,1,0,4.43611e-147,2.94275e-188,4.43611e-147
5, 33.9599,1,1,0,2.70118e-150,4.82707e-192,2.70118e-150
5, 34.2105,1,1,0,1.50788e-153,7.25767e-196,1.50788e-153
5, 34.4612,1,1,0,7.71675e-157,1.00021e-199,7.71675e-157
5, 34.7118,1,1,0,3.62036e-160,1.26349e-203,3.62036e-160
5, 34.9624,1,1,0,1.55709e-163,1.46296e-207,1.55709e-163
5, 35.213,1,1,0,6.13919e-167,1.55265e-211,6.13919e-167
5, 35.4637,1,1,0,2.21893e-170,1.51043e-215,2.21893e-170
5, 35.7143,1,1,0,7.35202e-174,1.34681e-219,7.35202e-174
5, 35.9649,1,1,0,2.23303e-177,1.10077e-223,2.23303e-177
5, 36.2155,1,1,0,6.21733e-181,8.2465e-228,6.21733e-181
5, 36.4662,1,1,0,1.58684e-184,5.66271e-232,1.58684e-184
5, 36.7168,1,1,0,3.71259e-188,3.5642e-236,3.71259e-188
5, 36.9674,1,1,0,7.96222e-192,2.05628e-240,7.96222e-192
5, 37.218,1,1,0,1.56531e-195,1.08738e-244,1.56531e-195
5, 37.4687,1,1,0,2.82083e-199,5.27069e-249,2.82083e-199
5, 37.7193,1,1,0,-1.28465e-48,2.34172e-253,-1.28465e-48
5, 37.9699,1,1,0,3.12142e-46,9.53638e-258,3.12142e-46
5, 38.2206,1,1,0,-3.68511e-44,3.55972e-262,-3.68511e-44
5, 38.4712,1,1,0,2.81545e-42,1.21795e-266,2.81545e-42
5, 38.7218,1,1,0,-1.56416e-40,3.81967e-271,-1.56416e-40
5, 38.9724,1,1,0,6.7316e-39,1.09801e-275,6.7316e-39
5, 39.2231,1,1,0,-2.33441e-37,2.89312e-280,-2.33441e-37
5, 39.4737,1,1,0,6.69911e-36,6.9873e-285,6.69911e-36
5, 39.7243,1,1,0,-1.62126e-34,1.5468e-289,-1.62126e-34
5, 39.9749,1,1,0,3.35506e-33,3.13866e-294,3.35506e-33
5, 40.2256,1,1,0,-5.99859e-32,5.83761e-299,-5.99859e-32
5, 40.4762,1,1,0,9.33815e-31,9.95195e-304,9.33815e-31
5, 40.7268,1,1,0,-1.27301e-29,1.55512e-308,-1.27301e-29
5, 40.9774,1,1,0,1.52611e-28,2.22742e-313,1.52611e-28
5, 41.2281,1,1,0,-1.61367e-27,2.9243e-318,-1.61367e-27
5, 41.4787,1,1,0,1.50818e-26,3.45846e-323,1.50818e-26
5, 41.7293,1,1,0,-1.24826e-25,0,-1.24826e-25
5, 41.9799,1,1,0,9.17195e-25,0,9.17195e-25
5, 42.2306,1,1,0,-6.01343e-24,0,-6.01343e-24
5, 42.4812,1,1,0,3.55729e-23,0,3.55729e-23
5, 42.7318,1,1,0,-1.94242e-22,0,-1.94242e-22
5, 42.9825,1,1,0,1.01832e-21,0,1.01832e-21
5, 43.2331,1,1,0,-5.38634e-21,0,-5.38634e-21
5, 43.4837,1,1,0,2.97178e-20,0,2.97178e-20
5, 43.7343,1,1,0,-1.70016e-19,0,-1.70016e-19
5, 43.985,1,1,0,9.79734e-19,0,9.79734e-19
5, 44.2356,1,1,0,-5.57332e-18,0,-5.57332e-18
5, 44.4862,1,1,0,3.12792e-17,0,3.12792e-17
5, 44.7368,1,1,0,-1.74898e-16,0,-1.74898e-16
5, 44.9875,1,1,0,9.81504e-16,0,9.81504e-16
5, 45.2381,1,1,0,-5.52896e-15,0,-5.52896e-15
5, 45.4887,1,1,0,3.11649e-14,0,3.11649e-14
5, 45.7393,1,1,0,-1.75468e-13,0,-1.75468e-13
5, 45.99,1,1,0,9.87207e-13,0,9.87207e-13
5, 46.2406,1,1,0,-5.55454e-12,0,-5.55454e-12
5, 46.4912,1,1,0,3.12612e-11,0,3.12612e-11
5, 46.7419,1,1,0,-1.75951e-10,0,-1.75951e-10
5, 46.9925,1,1,0,9.90276e-10,0,9.90276e-10
5, 47.2431,1,1,0,-5.5732e-09,0,-5.5732e-09
5, 47.4937,1,1,0,3.13657e-08,0,3.13657e-08
5, 47.7444,1,1,0,-1.76527e-07,0,-1.76527e-07
5, 47.995,1,1,0,9.93494e-07,0,9.93494e-07
5, 48.2456,1,1,0,-5.59139e-06,0,-5.59139e-06
5, 48.4962,1,1,0,3.14683e-05,0,3.14683e-05
5, 48.7469,1,1,0,-0.000177104,0,-0.000177104
5, 48.9975,1,1,0,0.000996742,0,0.000996742
5, 49.2481,1,1,0,-0.00560967,0,-0.00560967
5, 49.4987,1,1,0,0.0315712,0,0.0315712
5, 49.7494,1,1,0,-0.177683,0,-0.177683
5, 50,1,1,0,1,0,1
10, -50,0,0,0,0,0,0
10, -49.7494,0,0,0,0,0,0
10, -49.4987,0,0,0,0,0,0
10, -49.2481,0,0,0,0,0,0
10, -48.9975,0,0,0,0,0,0
10, -48.7469,0,0,0,0,0,0
10, -48.4962,0,0,0,0,0,0
10, -48.2456,0,0,0,0,0,0
10, -47.995,0,0,0,0,0,0
10, -47.7444,0,0,0,0,0,0
10, -47.4937,0,0,0,0,0,0
10, -47.2431,0,0,0,0,0,0
10, -46.9925,0,0,0,0,0,0
10, -46.7419,0,0,0,0,0,0
10, -46.4912,0,0,0,0,0,0
10, -46.2406,0,0,0,0,0,0
10, -45.99,0,0,0,0,0,0
10, -45.7393,0,0,0,0,0,0
10, -45.4887,0,0,0,0,0,0
10, -45.2381,0,0,0,0,0,0
10, -44.9875,0,0,0,0,0,0
10, -44.7368,0,0,0,0,0,0
10, -44.4862,0,0,0,0,0,0
10, -44.2356,0,0,0,0,0,0
10, -43.985,0,0,0,0,0,0
10, -43.7343,0,0,0,0,0,0
10, -43.4837,0,0,0,0,0,0
10, -43.2331,0,0,0,0,0,0
10, -42.9825,0,0,0,0,0,0
10, -42.7318,0,0,0,0,0,0
10, -42.4812,0,0,0,1.27632e-319,0,1.27632e-319
10, -42.2306,0,0,0,4.03615e-315,0,4.03615e-315
10, -41.9799,0,0,0,1.16988e-310,0,1.16988e-310
10, -41.7293,0,0,0,3.10791e-306,0,3.10791e-306
10, -41.4787,0,0,0,7.56742e-302,0,7.56742e-302
10, -41.2281,0,0,0,1.6888e-297,0,1.6888e-297
10, -40.9774,0,0,0,3.45424e-293,0,3.45424e-293
10, -40.7268,0,0,0,6.47548e-289,0,6.47548e-289
10, -40.4762,0,0,0,1.11258e-284,0,1.11258e-284
10, -40.2256,0,0,0,1.75196e-280,0,1.75196e-280
10, -39.9749,0,0,0,2.52842e-276,0,2.52842e-276
10, -39.7243,0,0,0,3.34428e-272,0,3.34428e-272
10, -39.4737,0,0,0,4.05393e-268,0,4.05393e-268
10, -39.2231,0,0,0,4.50367e-264,0,4.50367e-264
10, -38.9724,0,0,0,4.58529e-260,0,4.58529e-260
10, -38.7218,0,0,0,4.27829e-256,0,4.27829e-256
10, -38.4712,0,0,0,3.65822e-252,0,3.65822e-252
10, -38.2206,0,0,0,2.86654e-248,0,2.86654e-248
10, -37.9699,0,0,0,2.05838e-244,0,2.05838e-244
10, -37.7193,0,0,0,1.35445e-240,0,1.35445e-240
10, -37.4687,0,0,0,8.16697e-237,0,8.16697e-237
10, -37.218,0,0,0,4.5124e-233,0,4.5124e-233
10, -36.9674,0,0,0,2.2845e-229,0,2.2845e-229
10, -36.7168,0,0,0,1.05973e-225,0,1.05973e-225
10, -36.4662,0,0,0,4.50414e-222,0,4.50414e-222
10, -36.2155,0,0,0,1.75395e-218,0,1.75395e-218
10, -35.9649,0,0,0,6.25749e-215,0,6.25749e-215
10, -35.7143,0,0,0,2.04521e-211,0,2.04521e-211
10, -35.4637,0,0,0,6.12363e-208,0,6.12363e-208
10, -35.213,0,0,0,1.67955e-204,0,1.67955e-204
10, -34.9624,0,0,0,4.21952e-201,0,4.21952e-201
10, -34.7118,0,0,0,9.7094e-198,0,9.7094e-198
10, -34.4612,0,0,0,2.04621e-194,0,2.04621e-194
10, -34.2105,0,0,0,3.94916e-191,0,3.94916e-191
10, -33.9599,0,0,0,6.97942e-188,0,6.97942e-188
10, -33.7093,0,0,0,1.12941e-184,0,1.12941e-184
10, -33.4586,0,0,0,1.67326e-181,0,1.67326e-181
10, -33.208,0,0,0,2.26936e-178,0,2.26936e-178
10, -32.9574,0,0,0,2.81722e-175,0,2.81722e-175
10, -32.7068,0,0,0,3.20078e-172,0,3.20078e-172
10, -32.4561,0,0,0,3.32772e-169,0,3.32772e-169
10, -32.2055,0,0,0,3.16537e-166,0,3.16537e-166
10, -31.9549,0,0,0,2.75429e-163,0,2.75429e-163
10, -31.7043,0,0,0,2.1919e-160,0,2.1919e-160
10, -31.4536,0,0,0,1.59501e-157,0,1.59501e-157
10, -31.203,0,0,0,1.06104e-154,0,1.06104e-154
10, -30.9524,0,0,0,6.45086e-152,0,6.45086e-152
10, -30.7018,0,0,0,3.58336e-149,0,3.58336e-149
10, -30.4511,0,0,0,1.81807e-146,0,1.81807e-146
10, -30.2005,0,0,0,8.42214e-144,0,8.42214e-144
10, -29.9499,0,0,0,3.56085e-141,0,3.56085e-141
10, -29.6992,0,0,0,1.37344e-138,0,1.37344e-138
10, -29.4486,0,0,0,4.83031e-136,0,4.83031e-136
10, -29.198,0,0,0,1.54813e-133,0,1.54813e-133
10, -28.9474,0,0,0,4.51892e-131,0,4.51892e-131
10, -28.6967,0,0,0,1.20046e-128,0,1.20046e-128
10, -28.4461,0,0,0,2.90002e-126,0,2.90002e-126
10, -28.1955,0,0,0,6.36497e-124,0,6.36497e-124
10, -27.9449,0,0,0,1.26789e-121,0,1.26789e-121
10, -27.6942,0,0,0,2.28947e-119,0,2.28947e-119
10, -27.4436,0,0,0,3.74242e-117,0,3.74242e-117
10, -27.193,0,0,0,5.52884e-115,0,5.52884e-115
10, -26.9424,0,0,0,7.368e-113,0,7.368e-113
10, -26.6917,0,0,0,8.8372e-111,0,8.8372e-111
10, -26.4411,0,0,0,9.51352e-109,0,9.51352e-109
10, -26.1905,0,0,0,9.16165e-107,0,9.16165e-107
10, -25.9398,0,0,0,7.8595e-105,0,7.8595e-105
10, -25.6892,0,0,0,5.97417e-103,0,5.97417e-103
10, -25.4386,0,0,0,3.99525e-101,0,3.99525e-101
10, -25.188,0,0,0,2.32782e-99,0,2.32782e-99
10, -24.9373,0,0,0,1.16489e-97,0,1.16489e-97
10, -24.6867,0,0,0,4.89397e-96,0,4.89397e-96
10, -24.4361,0,0,0,1.65604e-94,0,1.65604e-94
10, -24.1855,0,0,0,4.10221e-93,0,4.10221e-93
10, -23.9348,0,0,0,5.06488e-92,0,5.06488e-92
10, -23.6842,0,0,0,-1.15507e-90,0,-1.15507e-90
10, -23.4336,0,0,0,-8.37405e-89,0,-8.37405e-89
10, -23.183,0,0,0,-2.15252e-87,0,-2.15252e-87
10, -22.9323,0,0,0,-1.37953e-86,0,-1.37953e-86
10, -22.6817,0,0,0,9.24057e-85,0,9.24057e-85
10, -22.4311,0,0,0,3.20676e-83,0,3.20676e-83
10, -22.1805,0,0,0,2.61209e-82,0,2.61209e-82
10, -21.9298,0,0,0,-1.0467e-80,0,-1.0467e-80
10, -21.6792,0,0,0,-3.21201e-79,0,-3.21201e-79
10, -21.4286,0,0,0,-9.41768e-79,0,-9.41768e-79
10, -21.1779,0,0,0,1.16052e-76,0,1.16052e-76
10, -20.9273,0,0,0,1.94842e-75,0,1.94842e-75
10, -20.6767,0,0,0,-1.73168e-74,0,-1.73168e-74
10, -20.4261,0,0,0,-8.34836e-73,0,-8.34836e-73
10, -20.1754,0,0,0,-2.72002e-72,0,-2.72002e-72
10, -19.9248,0,0,0,2.18786e-70,0,2.18786e-70
10, -19.6742,0,0,0,2.39993e-69,0,2.39993e-69
10, -19.4236,0,0,0,-3.95179e-68,0,-3.95179e-68
10, -19.1729,0,0,0,-8.03462e-67,0,-8.03462e-67
10, -18.9223,0,0,0,4.67097e-66,0,4.67097e-66
10, -18.6717,0,0,0,1.88743e-64,0,1.88743e-64
10, -18.4211,0,0,0,-1.79122e-64,0,-1.79122e-64
10, -18.1704,0,0,0,-3.52504e-62,0,-3.52504e-62
10, -17.9198,0,0,0,-7.09222e-62,0,-7.09222e-62
10, -17.6692,0,0,0,5.52282e-60,0,5.52282e-60
10, -17.4185,0,0,0,2.22503e-59,0,2.22503e-59
10, -17.1679,0,0,0,-7.47851e-58,0,-7.47851e-58
10, -16.9173,0,0,0,-4.06746e-57,0,-4.06746e-57
10, -16.6667,0,0,0,8.93165e-56,0,8.93165e-56
10, -16.416,0,0,0,5.66793e-55,0,5.66793e-55
10, -16.1654,0,0,0,-9.5068e-54,0,-9.5068e-54
10, -15.9148,0,0,0,-6.50656e-53,0,-6.50656e-53
10, -15.6642,0,0,0,9.0958e-52,0,9.0958e-52
10, -15.4135,0,0,0,6.33766e-51,0,6.33766e-51
10, -15.1629,0,0,0,-7.83385e-50,6.96633e-322,-7.83385e-50
10, -14.9123,0,0,0,-5.33769e-49,5.63832e-317,-5.33769e-49
10, -14.6617,0,0,0,6.07533e-48,4.19761e-312,6.07533e-48
10, -14.411,0,0,0,3.93362e-47,2.86442e-307,3.93362e-47
10, -14.1604,0,0,0,-4.23964e-46,1.79166e-302,-4.23964e-46
10, -13.9098,0,0,0,-2.5565e-45,1.0272e-297,-2.5565e-45
10, -13.6591,0,0,0,2.65496e-44,5.39804e-293,2.65496e-44
10, -13.4085,0,0,0,1.4794e-43,2.60016e-288,1.4794e-43
10, -13.1579,0,0,0,-1.49117e-42,1.14801e-283,-1.49117e-42
10, -12.9073,0,0,0,-7.67981e-42,4.64597e-279,-7.67981e-42
10, -12.6566,0,0,0,7.5023e-41,1.72341e-274,7.5023e-41
10, -12.406,1.35335e-49,0,1.35335e-49,3.60866e-40,5.85979e-270,3.60866e-40
10, -12.1554,-3.27803e-47,0,-3.27803e-47,-3.38096e-39,1.82624e-265,-3.38096e-39
10, -11.9048,3.85187e-45,0,3.85187e-45,-1.54748e-38,5.21696e-261,-1.54748e-38
10, -11.6541,-2.92373e-43,0,-2.92373e-43,1.36454e-37,1.36603e-256,1.36454e-37
10, -11.4035,1.61029e-41,0,1.61029e-41,6.10118e-37,3.27856e-252,6.10118e-37
10, -11.1529,-6.85268e-40,0,-6.85268e-40,-4.92991e-36,7.21255e-248,-4.92991e-36
10, -10.9023,2.3426e-38,0,2.3426e-38,-2.22341e-35,1.45438e-243,-2.22341e-35
10, -10.6516,-6.6022e-37,0,-6.6022e-37,1.59188e-34,2.68812e-239,1.59188e-34
10, -10.401,1.56197e-35,0,1.56197e-35,7.50726e-34,4.55409e-235,7.50726e-34
10, -10.1504,-3.14177e-34,0,-3.14177e-34,-4.5767e-33,7.07191e-231,-4.5767e-33
10, -9.89975,5.42024e-33,0,5.42024e-33,-2.3467e-32,1.0066e-226,-2.3467e-32
10, -9.64912,-8.06573e-32,0,-8.06573e-32,1.16243e-31,1.31327e-222,1.16243e-31
10, -9.3985,1.03809e-30,0,1.03809e-30,6.76632e-31,1.5705e-218,6.76632e-31
10, -9.14787,-1.15525e-29,0,-1.15525e-29,-2.56785e-30,1.72149e-214,-2.56785e-30
10, -8.89724,1.10731e-28,0,1.10731e-28,-1.78895e-29,1.72962e-210,-1.78895e-29
10, -8.64662,-9.05861e-28,0,-9.05861e-28,4.77325e-29,1.59287e-206,4.77325e-29
10, -8.39599,6.21221e-27,0,6.21221e-27,4.3039e-28,1.3446e-202,4.3039e-28
10, -8.14536,-3.44298e-26,0,-3.44298e-26,-6.86089e-28,1.04037e-198,-6.86089e-28
10, -7.89474,1.41062e-25,0,1.41062e-25,-9.3325e-27,7.37846e-195,-9.3325e-27
10, -7.64411,-2.97453e-25,0,-2.97453e-25,5.29081e-27,4.79651e-191,5.29081e-27
10, -7.39348,-1.04064e-24,0,-1.04064e-24,1.80142e-25,2.85803e-187,1.80142e-25
10, -7.14286,1.3643e-23,0,1.3643e-23,8.06227e-26,1.56096e-183,8.06227e-26
10, -6.89223,-6.52995e-23,0,-6.52995e-23,-3.04015e-24,7.81445e-180,-3.04015e-24
10, -6.6416,1.1833e-22,0,1.1833e-22,-4.63167e-24,3.58581e-176,-4.63167e-24
10, -6.39098,5.57385e-22,0,5.57385e-22,4.35107e-23,1.5082e-172,4.35107e-23
10, -6.14035,-4.84682e-21,0,-4.84682e-21,1.22949e-22,5.81451e-169,1.22949e-22
10, -5.88972,1.32069e-20,0,1.32069e-20,-4.95131e-22,2.05471e-165,-4.95131e-22
10, -5.6391,1.96316e-20,0,1.96316e-20,-2.3943e-21,6.65531e-162,-2.3943e-21
10, -5.38847,-2.74571e-19,0,-2.74571e-19,3.64839e-21,1.97592e-158,3.64839e-21
10, -5.13784,7.20063e-19,0,7.20063e-19,3.68611e-20,5.37717e-155,3.68611e-20
10, -4.88722,1.30717e-18,0,1.30717e-18,5.64307e-21,1.34128e-151,5.64307e-21
10, -4.63659,-1.33561e-17,0,-1.33561e-17,-4.47771e-19,3.06668e-148,-4.47771e-19
10, -4.38596,2.1766e-17,0,2.1766e-17,-7.44711e-19,6.42686e-145,-7.44711e-19
10, -4.13534,1.0113e-16,0,1.0113e-16,4.0019e-18,1.23456e-141,4.0019e-18
10, -3.88471,-4.87231e-16,0,-4.87231e-16,1.46907e-17,2.17374e-138,1.46907e-17
10, -3.63409,-3.39419e-17,0,-3.39419e-17,-1.8905e-17,3.50821e-135,-1.8905e-17
10, -3.38346,5.11805e-15,0,5.11805e-15,-1.84436e-16,5.18974e-132,-1.84436e-16
10, -3.13283,-8.84611e-15,0,-8.84611e-15,-1.28184e-16,7.03702e-129,-1.28184e-16
10, -2.88221,-3.44427e-14,0,-3.44427e-14,1.56402e-15,8.74609e-126,1.56402e-15
10, -2.63158,1.30822e-13,0,1.30822e-13,4.02331e-15,9.96372e-123,4.02331e-15
10, -2.38095,1.33039e-13,0,1.33039e-13,-6.78775e-15,1.04043e-119,-6.78775e-15
10, -2.13033,-1.25341e-12,0,-1.25341e-12,-4.8086e-14,9.95827e-117,-4.8086e-14
10, -1.8797,1.73924e-13,0,1.73924e-13,-3.44702e-14,8.73653e-114,-3.44702e-14
10, -1.62907,9.58857e-12,0,9.58857e-12,3.28097e-13,7.02548e-111,3.28097e-13
10, -1.37845,-8.28612e-12,0,-8.28612e-12,9.266e-13,5.1784e-108,9.266e-13
10, -1.12782,-6.38082e-11,0,-6.38082e-11,-6.53678e-13,3.49863e-105,-6.53678e-13
10, -0.877193,8.8016e-11,0,8.8016e-11,-8.25742e-12,2.16662e-102,-8.25742e-12
10, -0.626566,3.9083e-10,0,3.9083e-10,-1.254e-11,1.22984e-99,-1.254e-11
10, -0.37594,-6.62507e-10,0,-6.62507e-10,3.11482e-11,6.39879e-97,3.11482e-11
10, -0.125313,-2.29673e-09,0,-2.29673e-09,1.52132e-10,3.05161e-94,1.52132e-10
10, 0.125313,4.02757e-09,0,4.02757e-09,1.28274e-10,1.33396e-91,1.28274e-10
10, 0.37594,1.3225e-08,0,1.3225e-08,-6.83032e-10,5.34491e-89,-6.83032e-10
10, 0.626566,-2.01388e-08,0,-2.01388e-08,-2.32654e-09,1.96299e-86,-2.32654e-09
10, 0.877193,-7.41196e-08,0,-7.41196e-08,-1.22345e-09,6.60815e-84,-1.22345e-09
10, 1.12782,7.8201e-08,0,7.8201e-08,1.06369e-08,2.03903e-81,1.06369e-08
10, 1.37845,3.91701e-07,0,3.91701e-07,3.17184e-08,5.767e-79,3.17184e-08
10, 1.62907,-1.7632e-07,0,-1.7632e-07,1.72313e-08,1.49506e-76,1.72313e-08
10, 1.8797,-1.8601e-06,0,-1.8601e-06,-1.25775e-07,3.55262e-74,-1.25775e-07
10, 2.13033,-4.23415e-07,0,-4.23415e-07,-3.92363e-07,7.73788e-72,-3.92363e-07
10, 2.38095,7.43063e-06,0,7.43063e-06,-3.38234e-07,1.54482e-69,-3.38235e-07
10, 2.63158,7.50134e-06,0,7.50134e-06,1.04374e-06,2.82693e-67,1.04374e-06
10, 2.88221,-2.21522e-05,0,-2.21522e-05,4.17979e-06,4.74172e-65,4.17975e-06
10, 3.13283,-4.80006e-05,0,-4.80006e-05,5.85632e-06,7.29019e-63,5.856e-06
10, 3.38346,3.1363e-05,0,3.1363e-05,-3.29586e-06,1.02736e-60,-3.298e-06
10, 3.63409,0.000196155,0,0.000196155,-3.32348e-05,1.32706e-58,-3.3248e-05
10, 3.88471,0.000114555,0,0.000114555,-7.2875e-05,1.57124e-56,-7.29499e-05
10, 4.13534,-0.000481537,0,-0.000481537,-5.92735e-05,1.70519e-54,-5.96622e-05
10, 4.38596,-0.000934068,0,-0.000934068,0.000123239,1.69625e-52,0.00012139
10, 4.63659,0.000193023,0,0.000193023,0.000549592,1.54663e-50,0.000541529
10, 4.88722,0.0028413,0,0.0028413,0.00103494,1.2926e-48,0.0010027
10, 5.13784,0.00343807,0,0.00343807,0.000889544,9.9021e-47,0.000771441
10, 5.38847,-0.00225183,0,-0.00225183,-0.00106592,6.95299e-45,-0.00146256
10, 5.6391,-0.0117238,0,-0.0117238,-0.00585159,4.47506e-43,-0.00707259
10, 5.88972,-0.012888,0,-0.012888,-0.0128821,2.64002e-41,-0.0163274
10, 6.14035,0.00552275,0,0.00552275,-0.0181171,1.42758e-39,-0.0270276
10, 6.39098,0.0365391,0,0.0365391,-0.0128574,7.07576e-38,-0.0339812
10, 6.6416,0.0507209,0,0.0507209,0.0155086,3.21462e-36,-0.0303923
10, 6.89223,0.0173391,0,0.0173391,0.0800887,1.33865e-34,-0.0113338
10, 7.14286,-0.0634277,0,-0.0634277,0.189034,5.10963e-33,0.0221297
10, 7.39348,-0.147977,0,-0.147977,0.340151,1.78769e-31,0.0608559
10, 7.64411,-0.172061,0,-0.172061,0.518286,5.73296e-30,0.0898929
10, 7.89474,-0.0920833,0,-0.0920833,0.697335,1.68518e-28,0.095047
10, 8.14536,0.0880506,0,0.0880506,0.846727,4.54044e-27,0.070573
10, 8.39599,0.322834,0,0.322834,0.940073,1.12132e-25,0.0232745
10, 8.64662,0.554259,0,0.554259,0.962605,2.53832e-24,-0.0300136
10, 8.89724,0.740275,0,-0.259725,0.914618,5.26678e-23,-0.0704665
10, 9.14787,0.866203,0,-0.133797,0.809978,1.00167e-21,-0.0861023
10, 9.3985,0.939175,0,-0.0608246,0.670838,1.74618e-20,-0.0763031
10, 9.64912,0.975667,0,-0.0243326,0.520971,2.79019e-19,-0.0500352
10, 9.89975,0.991469,0,-0.00853068,0.380155,4.08659e-18,-0.0198466
10, 10.1504,0.997394,0,-0.00260603,0.261081,5.48619e-17,0.00424
10, 10.401,0.999312,0,-0.000688356,0.168979,6.75092e-16,0.0178148
10, 10.6516,0.999844,0,-0.000155594,0.10318,7.61444e-15,0.0216314
10, 10.9023,0.99997,0,-2.96814e-05,0.0594885,7.87218e-14,0.0191641
10, 11.1529,0.999995,0,-4.68887e-06,0.0324068,7.45992e-13,0.01413
10, 11.4035,0.999999,0,-5.97265e-07,0.016689,6.47972e-12,0.00909602
10, 11.6541,1,0,-5.89732e-08,0.00812815,5.15894e-11,0.00523672
10, 11.9048,1,0,-4.23691e-09,0.00374489,3.76485e-10,0.00273565
10, 12.1554,1,0,-1.97106e-10,0.0016325,2.51835e-09,0.00130961
10, 12.406,1,0,-4.45788e-12,0.0006734,1.54407e-08,0.000578711
10, 12.6566,1,0,0,0.000262851,8.67765e-08,0.000237399
10, 12.9073,1,0,0,9.70815e-05,4.47011e-07,9.08105e-05
10, 13.1579,1,0,0,3.39236e-05,2.11065e-06,3.25074e-05
10, 13.4085,1,0,0,1.12131e-05,9.13478e-06,1.09199e-05
10, 13.6591,1,0,0,3.50514e-06,3.62378e-05,3.44952e-06
10, 13.9098,1,0,0,1.03589e-06,0.000131767,1.02622e-06
10, 14.1604,1,0,0,2.89337e-07,0.000439173,2.87795e-07
10, 14.411,1,0,0,7.63498e-08,0.00134167,7.61244e-08
10, 14.6617,1,0,0,1.90256e-08,0.00375699,1.89954e-08
10, 14.9123,1,0,0,4.47499e-09,0.00964307,4.47129e-09
10, 15.1629,1,0,0,9.92997e-10,0.0226868,9.9258e-10
10, 15.4135,1,0,0,2.07764e-10,0.0489231,2.07721e-10
10, 15.6642,1,0,0,4.09642e-11,0.0967022,4.09602e-11
10, 15.9148,1,0,0,7.60659e-12,0.175203,7.60624e-12
10, 16.1654,1,0,0,1.32937e-12,0.290957,1.32935e-12
10, 16.416,1,0,0,2.18518e-13,0.442893,2.18516e-13
10, 16.6667,1,0,0,3.37606e-14,0.617947,3.37604e-14
10, 16.9173,1,0,0,4.89898e-15,0.790289,4.89897e-15
10, 17.1679,1,0,0,6.67201e-16,0.92641,6.67201e-16
10, 17.4185,1,0,0,8.52192e-17,0.995412,8.52191e-17
10, 17.6692,1,1,0,1.02004e-17,0.980358,1.02004e-17
10, 17.9198,1,1,0,1.14328e-18,0.885012,1.14328e-18
10, 18.1704,1,1,0,1.19898e-19,0.732311,1.19898e-19
10, 18.4211,1,1,0,1.17556e-20,0.555424,1.17556e-20
10, 18.6717,1,1,0,1.07674e-21,0.386132,1.07674e-21
10, 18.9223,1,1,0,9.20578e-23,0.246054,9.20578e-23
10, 19.1729,1,1,0,7.34093e-24,0.143716,7.34093e-24
10, 19.4236,1,1,0,5.45557e-25,0.0769423,5.45557e-25
10, 19.6742,1,1,0,3.77561e-26,0.0377578,3.77561e-26
10, 19.9248,1,1,0,2.43142e-27,0.0169836,2.43142e-27
10, 20.1754,1,1,0,1.45588e-28,0.00700222,1.45588e-28
10, 20.4261,1,1,0,8.09963e-30,0.00264621,8.09963e-30
10, 20.6767,1,1,0,4.18369e-31,0.000916632,4.18369e-31
10, 20.9273,1,1,0,2.00495e-32,0.000291037,2.00495e-32
10, 21.1779,1,1,0,8.90836e-34,8.47e-05,8.90836e-34
10, 21.4286,1,1,0,3.66735e-35,2.25944e-05,3.66735e-35
10, 21.6792,1,1,0,1.39794e-36,5.52461e-06,1.39794e-36
10, 21.9298,1,1,0,4.93107e-38,1.23818e-06,4.93107e-38
10, 22.1805,1,1,0,1.6086e-39,2.5436e-07,1.6086e-39
10, 22.4311,1,1,0,4.85025e-41,4.78957e-08,4.85025e-41
10, 22.6817,1,1,0,1.351e-42,8.2666e-09,1.351e-42
10, 22.9323,1,1,0,3.47451e-44,1.30779e-09,3.47451e-44
10, 23.183,1,1,0,8.2465e-46,1.89642e-10,8.2465e-46
10, 23.4336,1,1,0,1.80543e-47,2.52064e-11,1.80543e-47
10, 23.6842,1,1,0,3.64448e-49,3.07093e-12,3.64448e-49
10, 23.9348,1,1,0,6.78038e-51,3.42935e-13,6.78038e-51
10, 24.1855,1,1,0,1.16216e-52,3.51024e-14,1.16216e-52
10, 24.4361,1,1,0,1.83448e-54,3.29339e-15,1.83448e-54
10, 24.6867,1,1,0,2.66592e-56,2.83226e-16,2.66592e-56
10, 24.9373,1,1,0,3.56553e-58,2.23256e-17,3.56553e-58
10, 25.188,1,1,0,4.38748e-60,1.61309e-18,4.38748e-60
10, 25.4386,1,1,0,4.96591e-62,1.0683e-19,4.96591e-62
10, 25.6892,1,1,0,5.16843e-64,6.48504e-21,5.16843e-64
10, 25.9398,1,1,0,4.94527e-66,3.60839e-22,4.94527e-66
10, 26.1905,1,1,0,4.34903e-68,1.84034e-23,4.34903e-68
10, 26.4411,1,1,0,3.5146e-70,8.60326e-25,3.5146e-70
10, 26.6917,1,1,0,2.60947e-72,3.68648e-26,2.60947e-72
10, 26.9424,1,1,0,1.7797e-74,1.44791e-27,1.7797e-74
10, 27.193,1,1,0,1.11476e-76,5.21261e-29,1.11476e-76
10, 27.4436,1,1,0,6.41195e-79,1.72009e-30,6.41195e-79
10, 27.6942,1,1,0,3.38619e-81,5.2027e-32,3.38619e-81
10, 27.9449,1,1,0,1.64167e-83,1.44241e-33,1.64167e-83
10, 28.1955,1,1,0,7.30565e-86,3.66549e-35,7.30565e-86
10, 28.4461,1,1,0,2.98389e-88,8.53801e-37,2.98389e-88
10, 28.6967,1,1,0,1.11844e-90,1.82291e-38,1.11844e-90
10, 28.9474,1,1,0,3.84682e-93,3.56742e-40,3.84682e-93
10, 29.198,1,1,0,1.21399e-95,6.39921e-42,1.21399e-95
10, 29.4486,1,1,0,3.51494e-98,1.05216e-43,3.51494e-98
10, 29.6992,1,1,0,9.33628e-101,1.58569e-45,9.33628e-101
10, 29.9499,1,1,0,2.27486e-103,2.19047e-47,2.27486e-103
10, 30.2005,1,1,0,5.08431e-106,2.77357e-49,5.08431e-106
10, 30.4511,1,1,0,1.04227e-108,3.21902e-51,1.04227e-108
10, 30.7018,1,1,0,1.95964e-111,3.42444e-53,1.95964e-111
10, 30.9524,1,1,0,3.37906e-114,3.33918e-55,3.37906e-114
10, 31.203,1,1,0,5.34346e-117,2.98449e-57,5.34346e-117
10, 31.4536,1,1,0,7.74883e-120,2.44503e-59,7.74883e-120
10, 31.7043,1,1,0,1.03043e-122,1.83603e-61,1.03043e-122
10, 31.9549,1,1,0,1.25649e-125,1.26375e-63,1.25649e-125
10, 32.2055,1,1,0,1.40487e-128,7.97298e-66,1.40487e-128
10, 32.4561,1,1,0,1.44027e-131,4.61067e-68,1.44027e-131
10, 32.7068,1,1,0,1.35384e-134,2.44394e-70,1.35384e-134
10, 32.9574,1,1,0,1.16679e-137,1.1874e-72,1.16679e-137
10, 33.208,1,1,0,9.21963e-141,5.28797e-75,9.21963e-141
10, 33.4586,1,1,0,6.67912e-144,2.15855e-77,6.67912e-144
10, 33.7093,1,1,0,4.43611e-147,8.07639e-80,4.43611e-147
10, 33.9599,1,1,0,2.70118e-150,2.76984e-82,2.70118e-150
10, 34.2105,1,1,0,1.50788e-153,8.70714e-85,1.50788e-153
10, 34.4612,1,1,0,7.71675e-157,2.50887e-87,7.71675e-157
10, 34.7118,1,1,0,3.62036e-160,6.62618e-90,3.62036e-160
10, 34.9624,1,1,0,1.55709e-163,1.6041e-92,1.55709e-163
10, 35.213,1,1,0,6.13919e-167,3.55943e-95,6.13919e-167
10, 35.4637,1,1,0,2.21893e-170,7.23957e-98,2.21893e-170
10, 35.7143,1,1,0,7.35202e-174,1.34967e-100,7.35202e-174
10, 35.9649,1,1,0,2.23303e-177,2.30634e-103,2.23303e-177
10, 36.2155,1,1,0,6.21733e-181,3.61247e-106,6.21733e-181
10, 36.4662,1,1,0,1.58684e-184,5.18639e-109,1.58684e-184
10, 36.7168,1,1,0,3.71259e-188,6.82511e-112,3.71259e-188
10, 36.9674,1,1,0,7.96222e-192,8.23259e-115,7.96222e-192
10, 37.218,1,1,0,1.56531e-195,9.10218e-118,1.56531e-195
10, 37.4687,1,1,0,2.82083e-199,9.22437e-121,2.82083e-199
10, 37.7193,1,1,0,-1.28465e-48,8.56862e-124,-1.28465e-48
10, 37.9699,1,1,0,3.12142e-46,7.2957e-127,3.12142e-46
10, 38.2206,1,1,0,-3.68511e-44,5.69384e-130,-3.68511e-44
10, 38.4712,1,1,0,2.81545e-42,4.07311e-133,2.81545e-42
10, 38.7218,1,1,0,-1.56416e-40,2.67073e-136,-1.56416e-40
10, 38.9724,1,1,0,6.7316e-39,1.60515e-139,6.7316e-39
10, 39.2231,1,1,0,-2.33441e-37,8.84268e-143,-2.33441e-37
10, 39.4737,1,1,0,6.69911e-36,4.46514e-146,6.69911e-36
10, 39.7243,1,1,0,-1.62126e-34,2.06665e-149,-1.62126e-34
10, 39.9749,1,1,0,3.35506e-33,8.76765e-153,3.35506e-33
10, 40.2256,1,1,0,-5.99859e-32,3.40942e-156,-5.99859e-32
10, 40.4762,1,1,0,9.33815e-31,1.21524e-159,9.33815e-31
10, 40.7268,1,1,0,-1.27301e-29,3.9703e-163,-1.27301e-29
10, 40.9774,1,1,0,1.52611e-28,1.18896e-166,1.52611e-28
10, 41.2281,1,1,0,-1.61367e-27,3.26359e-170,-1.61367e-27
10, 41.4787,1,1,0,1.50818e-26,8.21119e-174,1.50818e-26
10, 41.7293,1,1,0,-1.24826e-25,1.89364e-177,-1.24826e-25
10, 41.9799,1,1,0,9.17195e-25,4.00288e-181,9.17195e-25
10, 42.2306,1,1,0,-6.01343e-24,7.75586e-185,-6.01343e-24
10, 42.4812,1,1,0,3.55729e-23,1.37743e-188,3.55729e-23
10, 42.7318,1,1,0,-1.94242e-22,2.24229e-192,-1.94242e-22
10, 42.9825,1,1,0,1.01832e-21,3.34576e-196,1.01832e-21
10, 43.2331,1,1,0,-5.38634e-21,4.57596e-200,-5.38634e-21
10, 43.4837,1,1,0,2.97178e-20,5.73655e-204,2.97178e-20
10, 43.7343,1,1,0,-1.70016e-19,6.59177e-208,-1.70016e-19
10, 43.985,1,1,0,9.79734e-19,6.94282e-212,9.79734e-19
10, 44.2356,1,1,0,-5.57332e-18,6.70274e-216,-5.57332e-18
10, 44.4862,1,1,0,3.12792e-17,5.93131e-220,3.12792e-17
10, 44.7368,1,1,0,-1.74898e-16,4.81096e-224,-1.74898e-16
10, 44.9875,1,1,0,9.81504e-16,3.57681e-228,9.81504e-16
10, 45.2381,1,1,0,-5.52896e-15,2.43748e-232,-5.52896e-15
10, 45.4887,1,1,0,3.11649e-14,1.52254e-236,3.11649e-14
10, 45.7393,1,1,0,-1.75468e-13,8.71726e-241,-1.75468e-13
10, 45.99,1,1,0,9.87207e-13,4.57481e-245,9.87207e-13
10, 46.2406,1,1,0,-5.55454e-12,2.20064e-249,-5.55454e-12
10, 46.4912,1,1,0,3.12612e-11,9.703e-254,3.12612e-11
10, 46.7419,1,1,0,-1.75951e-10,3.92145e-258,-1.75951e-10
10, 46.9925,1,1,0,9.90276e-10,1.45268e-262,9.90276e-10
10, 47.2431,1,1,0,-5.5732e-09,4.93258e-267,-5.5732e-09
10, 47.4937,1,1,0,3.13657e-08,1.53519e-271,3.13657e-08
10, 47.7444,1,1,0,-1.76527e-07,4.37957e-276,-1.76527e-07
10, 47.995,1,1,0,9.93494e-07,1.1452e-280,9.93494e-07
10, 48.2456,1,1,0,-5.59139e-06,2.74484e-285,-5.59139e-06
10, 48.4962,1,1,0,3.14683e-05,6.03024e-290,3.14683e-05
10, 48.7469,1,1,0,-0.000177104,1.21432e-294,-0.000177104
10, 48.9975,1,1,0,0.000996742,2.24138e-299,0.000996742
10, 49.2481,1,1,0,-0.00560967,3.7921e-304,-0.00560967
10, 49.4987,1,1,0,0.0315712,5.88067e-309,0.0315712
10, 49.7494,1,1,0,-0.177683,8.35903e-314,-0.177683
10, 50,1,1,0,1,1.0891e-318,1
